0.7556455943039105
7.695733064485113
0.9840960749078214
0.7885230903997092
28.104029341679187
2.2654095114838304
10.732860708878013
2.2132116133756417
6.161388367122375
11.127739363162478
2.0077966551498423
2.7050579933254966
0.8350639064325426
Infinity
5.486494353693344
4.932843087418537
9.539127969348902
8.372213585872494
1.1528820978904843
4.92395347029264
Infinity
0.6695976711480558
0.8677961295048469
2.9823837964335627
0.8638168306983939
Infinity
1.7261572361602864
1.2029026685509632
0.7975753469953399
28.327168676522284
1.862386614101297
Infinity
0.9675519900938244
0.93628654082464
1.194435259082392
4.9626020098426
0.8953774938893866
0.8557414753784736
9.037607582198994
60.76235492457691
0.8102077906024261
3.379968742424463
0.5821322714635903
3.681162601260757
1.075383409111483
28.483752173447932
7.716454370613121
1.8995475044947323
7.280537495279918
76.46324198938889
4.014173044422354
0.7108504813906512
16.697410474727317
13.02507594028923
0.8982648623230057
4.748386897514903
7.465176468334037
0.9167815933816198
5.803302683084524
0.8643784014897192
0.8467877232751446
1.1534292384498097
1.7062946626275168
1.6727140473457736
Infinity
1.0583757086577512
1.3906657398789086
1.0070715711498301
1.0619029968069698
0.8045243844505996
1.1113573482345456
7.392917257242166
3.5732477614496028
1.0645954239347317
Infinity
0.6822116036943585
5.986053088067115
2.8123438485619983
0.8372807052805962
49.44495936172998
1.3989166348631794
0.6948678355575425
5.494383257728587
0.5708351702454715
7.434045231033337
5.5769623564519675
0.7204788511713364
11.575700264953788
3.218622268576677
1.013809173466934
Infinity
0.7363664584769503
0.9396366379796492
2.944497545154034
Infinity
1.53229724829851
1.279188834777229
Infinity
0.7815415697560762
23.612287249489633
0.8266155165955555
1.8101405384620535
0.9280938209512126
21.199754154708813
3.8696044159584386
39.19804143140903
Infinity
27.89184336325936
12.901108985571529
17.049018520807557
1.1709887295261505
2.202541902560513
5.797322383910529
1.2420532685143018
2.6050505767093526
Infinity
1.5539539587405735
Infinity
1.335743166687211
32.262692077928776
2.3428338227024064
0.8046882580857962
0.8520438683989281
0.8474824847073225
0.8796986235083204
56.73016817063886
52.28349175663104
0.8005433434625334
29.710472743084093
2.0827539808973103
0.8353025460715913
2.5159197498660695
4.186678406892843
1.3917940591819127
Infinity
5.124892108533587
3.7476905826494042
1.9675000200814465
0.9764445992678521
2.7084004418390433
1.205604421002015
0.8251422866179978
0.9998837291505992
1.9113649216425666
2.7150251755964683
16.438055913472937
8.270639073956975
Infinity
1.2388765484223567
0.9201391791775609
Infinity
0.5784088558380321
57.87965082993478
1.4386238360615293
1.3818934654067707
2.3006358001250935
5.902517521466635
1.1338260388802843
Infinity
0.7331401772753925
0.8082479013128764
Infinity
1.0435891811938094
2.393767734439866
2.1780036706742423
2.0373787758002924
8.130842016235057
1.0169318738151443
4.821538473157195
13.467263149920846
8.675073265343556
2.0867741891598848
1.8423207018810492
65.41588446970191
16.885878739612536
1.0498214570125832
0.8698219259662425
54.15680908915166
1.0286783275678812
2.7954190595787143
1.9776325454891972
1.0534027892702926
2.3764302619246096
Infinity
4.531132320903171
2.9559508811119355
7.24585435364716
0.6912324091742621
3.7056474891672706
0.9998706383494762
0.7909837375303742
7.329820077549202
1.5503470254088227
0.9246970620296389
0.933625157094461
6.518106057054011
0.8036853697823858
1.3049170075694223
1.2167257831292617
1.3468429770427857
0.8790390337332705
0.8866958331694231
3.79156903585182
0.9314984779830012
1.3137977520672464
3.0717670860442556
2.988095551166272
2.922095434808401
0.8438577078493589
0.9207533256650299
23.27354202818284
2.389268844682542
2.542723602990812
0.7629676354696191
1.1363993812604958
0.9997661781468025
2.452487468811819
0.7870966664522755
4.24906689846232
1.1238930943130585
1.1712218886260015
0.9245781405300363
6.768632678501283
0.5160239933635354
38.63874967881887
29.22482464666682
Infinity
78.00013937926379
31.792771760683237
1.1311309535908662
1.0008284583436515
Infinity
6.4670762605324645
18.151953427424925
6.39569009083473
12.493885299998178
1.8377170305763548
5.268717127615605
0.8904073800155898
1.4143605578000682
0.9820325057378194
9.155616126264421
6.108956126087064
0.9239345270866033
8.392573788509969
6.651953754439061
2.0256383703165644
22.863576281713005
1.5764260237062688
2.7442399256340417
1.069140913050367
1.9209967613366958
3.2253486138539076
0.8261398658304516
0.789659033357821
14.116781815323092
0.7618484254244554
11.87733414327614
4.376772307780755
0.9288930586453008
0.7363435904924166
4.261808894268881
2.661134042889492
0.9913191357782797
Infinity
5.757198471109123
0.7137492952197096
0.9499453922894623
Infinity
34.52270476503219
52.04248818705757
0.9423137839896283
2.2844855467882077
Infinity
2.382881429510546
0.921619665434803
1.0715668441979678
1.0629411173924672
0.735718467989023
1.5985267239970522
6.467957667170597
2.648207270815866
Infinity
0.8586518278970314
Infinity
0.6611692031261407
1.3695711674777908
27.38287260063808
11.780302501628626
0.7287826247115946
1.0482831674447528
Infinity
1.7280284687477212
0.7663460397905126
1.2000455266494787
1.2740705989529022
1.7787913680799798
Infinity
1.7377992189954583
0.705761819760311
6.514701480885895
1.6387320181776164
38.54288270959642
2.4330760323921234
Infinity
5.199815374427139
7.5665074635020755
2.522909595315855
3.497213394529889
1.0366005174260728
0.7478795972803567
1.702764628046369
1.991583731800723
0.8724361855654925
3.757795774368626
2.4470250178153163
2.2181859475771932
2.221699385057165
24.411764526232584
0.7513938353175127
0.7579423618551246
0.9220672613328869
0.8808346687972775
2.0012633881700332
2.6786545930373866
2.949134027923078
3.969270228485902
Infinity
Infinity
1.3249496499860958
21.400990278897034
3.4165474199252355
9.666400491584708
2.500920959545081
9.827391736617486
6.006560535324982
Infinity
2.307559415756985
8.022261038678383
5.853349424575664
Infinity
1.5743732273731526
1.0575767141603558
3.3764417752438867
Infinity
5.992411679547724
1.481998247053292
3.7014383312605235
10.98115905666184
2.2198416992909578
2.350517292409256
36.066041121761884
7.104882585857343
1.6287432317873622
14.237209537005478
Infinity
11.544073630617984
0.9051017927209032
11.398445652958198
1.8391866126764793
0.6537722008734722
6.791862901135707
6.730485274165875
11.899136672847394
0.6796532313762352
1.284656580628716
45.361071812896974
2.299756392677922
1.6847633923234524
0.9933576268042001
3.5464078398546515
0.8276505757394076
0.9981506746047879
1.8823799531000918
1.1881443228874935
3.420614860627621
1.6518290301781935
4.775996956128458
1.227674404660293
3.3190366185783886
1.348032296177129
Infinity
8.018859672300724
0.8510976293673833
Infinity
13.039511513318118
2.2339127963176946
2.052744043354392
0.9999196802950836
1.470095803154072
4.180509094919731
1.0537949271136116
1.0193654761893396
Infinity
3.194019909838959
0.950737519671103
0.7427464582817418
16.765739705436506
1.444355803611263
16.1036141076277
0.8673764442836422
2.4238647626081344
0.8890578798862588
0.6949532514253031
7.227890102320003
116.4034435883831
Infinity
0.7483840154648218
0.8250539167422595
2.426291740892337
0.9999181433802924
20.805563973965775
0.8593837913942055
0.9957094132145282
0.9036774169606515
0.8386534171380122
0.9633760951014776
0.743165788326345
1.1138744193123364
1.3636195940222962
4.156429687553551
0.800328759986268
10.712943097329408
2.2414290864427606
0.6541158065519601
2.2992970132914348
3.186333415584614
0.9477291721842531
0.8352096525520432
2.2666070275876145
0.8882916148960192
1.567327864927948
0.9196976737412468
1.043814686986539
5.155681780093389
1.3214021659782225
2.6969204456120384
5.790314881982477
Infinity
2.71825895949252
Infinity
Infinity
0.9497114477898515
11.873200123305901
2.2508778421199187
4.749259007192808
2.1822594556660646
2.6359960906862328
0.7921846285718164
0.7616330244668847
2.270041044297483
Infinity
1.0291977588421057
0.997285401990236
Infinity
2.816801278732828
0.8656308672950443
1.3755086138857109
0.8923714114940883
12.493813468915556
0.8547192728525594
2.4460528386338907
0.7116095839572234
0.889264239012876
Infinity
0.9465620916070979
Infinity
Infinity
2.7187522694667683
6.793142749833595
8.50380787924248
2.921877539749396
1.6364382868085383
2.052084454157446
Infinity
10.10832702731183
8.805467833171557
2.4339292854263497
0.7711737110523831
7.8763771940909875
0.9466354053744053
1.7264785257783524
1.3775218340868565
Infinity
14.220137009462047
0.7496732791208027
1.9420335689349206
2.7781677593896332
0.7744927644588194
1.8960488895285823
1.2814431057301805
7.373300809032252
1.804462626638524
0.7211662851487255
Infinity
4.583600124580938
1.4001927526705042
1.219319733327103
1.4359884176476423
1.351720242291964
