2617.0
5553.0
7814.0
4130.0
9990.0
3024.0
9180.0
7839.0
3723.0
11542.0
5968.0
3315.0
4162.0
9010.0
6828.0
8348.0
5016.0
6479.0
3543.0
5767.0
2886.0
2597.0
4684.0
4328.0
4149.0
3599.0
6376.0
3660.0
3436.0
12499.0
4322.0
6819.0
5228.0
3039.0
5011.0
6804.0
3654.0
4066.0
4967.0
5499.0
3541
10498.0
7311
4001.0
2446.0
3170.0
9172.0
4078.0
12243.0
7415.0
3883
5189.0
5264.0
6810.0
5195.0
5401.0
2473.0
9992.0
8574.0
2830.0
3041.0
3112.0
4067.0
3760.0
8406.0
2424.0
2851.0
3091
3001.0
2830.0
3453.0
9023.0
6240.0
3450.0
2873
3278.0
8591.0
7395.0
6151.0
9488.0
7685
5292.0
7661.0
3487.0
4931.0
6168.0
4809.0
6423.0
6118
11991.0
6896.0
2492
4870.0
5728.0
4468.0
3124.0
6799.0
7656.0
2776.0
3154.0
2883.0
8264.0
7933.0
8200.0
2157.0
3876.0
2939
5315.0
8785.0
9848.0
8364.0
9787.0
5028.0
4915.0
9723.0
2959.0
5547.0
3846.0
5273.0
2580.0
6491.0
3528
3079.0
3313.0
5894.0
4924.0
5538.0
5781.0
9450.0
7074.0
5953.0
3281.0
12943.0
4917.0
3725.0
5517.0
7991.0
5352.0
8111.0
7692.0
4319.0
2611.0
1745.0
6645.0
3287.0
14285.0
10828.0
2566
3291.0
3099.0
8203.0
2888
4884.0
4109
5073.0
3113.0
5708.0
3963.0
6043.0
3513.0
3270.0
8672.0
2801.0
5207.0
6329.0
8069.0
7524.0
5768.0
11324.0
4885.0
7966.0
7671.0
4539.0
7555.0
3936.0
4531.0
3065.0
12337.0
3093
5863.0
5843.0
3317.0
6314.0
5564.0
5654.0
5455.0
9047.0
4874.0
8510.0
3013.0
2407
2834.0
3765.0
3672.0
4832.0
9933.0
2553
3377.0
5959.0
5056.0
6819.0
5486.0
4613.0
6306.0
3874
13343.0
5736.0
4193.0
6916.0
6209.0
5760.0
3473.0
3925.0
2122
8568.0
2590.0
3750.0
2594.0
3791.0
7270.0
4635.0
2787
4894.0
2540.0
4186.0
9707.0
8950.0
9348.0
3574.0
5741.0
6495.0
3608.0
7567.0
8561.0
10652.0
7351.0
5888.0
6110.0
2719.0
7554.0
7157.0
5198.0
11074.0
4805.0
7294.0
4653
3358.0
9953.0
7103.0
4010.0
3770.0
3534.0
7103.0
8280.0
2563
6013.0
4723.0
9991.0
4543.0
1910
4820.0
7598.0
5261.0
7958.0
5421.0
4534.0
2457
3539.0
3163.0
3640.0
10099.0
5151.0
5675
3492.0
12225.0
7202.0
8390.0
3027.0
2804.0
9457.0
4576.0
7640.0
4689.0
3003
4549.0
4138.0
7605.0
5414.0
9452.0
4472.0
9169.0
5007.0
4410.0
3420.0
5587.0
8021.0
5228.0
5097.0
4878.0
4576.0
6533.0
5170.0
4767.0
9351.0
4095.0
6342.0
5934.0
5654.0
7638.0
6072.0
3184.0
4833.0
6653.0
3198.0
4469.0
4101.0
6303.0
8904.0
2678.0
6730.0
2955.0
4162.0
6269.0
4477.0
6005.0
2867.0
5822.0
7107.0
4406.0
7364.0
4856.0
3708.0
3550.0
5946.0
8877.0
7642.0
9301.0
3661.0
6326.0
5492.0
2392.0
9864.0
6114.0
4552.0
10891.0
7527.0
5807.0
7564.0
12807.0
2674.0
6745.0
3427.0
7994.0
4797.0
4416.0
2177.0
4379.0
5612.0
10902.0
2671.0
2358.0
2674.0
6244.0
8892.0
3760.0
5064.0
8431.0
4508.0
6077.0
5345.0
3166.0
3165.0
5073.0
6155.0
6594.0
8095.0
4385
6985.0
10200.0
6764.0
6673.0
4101.0
10914.0
4246.0
3063
9100.0
3640.0
5808.0
3112.0
7448.0
7757
6738.0
11947.0
8161.0
3939.0
4885.0
2086.0
9499.0
3423.0
3476.0
3225
8878.0
3106.0
5911.0
7340.0
12446.0
3633.0
6328.0
4892.0
4931.0
2995.0
3856.0
6166.0
2157.0
6971.0
2782.0
5484.0
4003.0
3843.0
5763
5276.0
8135.0
9001.0
3334.0
5336.0
4787.0
5182.0
5264.0
6423.0
4991.0
2716.0
4173.0
6908.0
9906.0
5281.0
4864.0
3486.0
10274.0
3915.0
8727.0
4071.0
5178.0
5931.0
4479.0
2933.0
9785.0
5235.0
6637.0
5352.0
5016.0
7730.0
8878.0
3515.0
3431.0
2608.0
4400.0
3569.0
4941.0
5464.0
3000.0
3638
3448.0
5372.0
3015.0
6047.0
5479.0
5074.0
5161
4437.0
11557.0
6640.0
7387
8220.0
2595.0
9328.0
9567.0
5791.0
6388
3781.0
12049.0
4357.0
4032.0
4414
3839.0
14173.0
6042.0
4653.0
3396.0
3554.0
8272.0
3411.0
5130.0
5190.0
2185.0
7206.0
5071.0
4327.0
9766.0
3136.0
7876.0
