2612
4917
5957
3981
9982
3028
8129
8576
3246
11469
2678
2941
3659
9556
7069
9201
4247
6411
2754
5730
2886
2600
5140
3829
5280
3674
6152
2249
3440
12499
4327
6147
5597
2707
4703
7563
3268
3865
4969
5502
3541
10030
7311
4935
2444
3170
9169
3375
9109
5009
3883
5484
5329
7007
5193
4983
2496
8432
8251
2538
3389
3538
3466
3802
8551
2424
2850
3091
2291
2830
2862
10092
5007
2766
2873
2687
9067
6767
6222
10504
7685
7920
9843
2790
4996
6168
4808
8228
6118
10636
9650
2492
3193
6911
4349
3125
6626
7159
2582
2210
2882
9449
8627
9125
2157
3172
2939
5315
10521
9122
8866
8103
5037
4766
9534
2764
3251
3846
7120
2580
5888
3528
3086
3394
4886
5056
4043
5149
10004
6268
5939
3281
8085
4918
4266
5338
9835
5360
6712
8147
4683
1959
1744
8156
4335
10851
9011
2566
3352
3118
8847
2888
4884
4109
6755
3115
4729
3075
5866
3768
2038
9281
2803
3274
6301
7658
7240
5260
11189
3428
7752
4322
6436
7500
3610
4261
3065
9911
3093
4236
3418
3317
6034
4492
5846
5453
8498
4481
5768
4090
2407
5345
3754
3666
4713
9515
2553
4544
5166
5056
5402
6176
4611
8679
3874
11901
5157
5065
5784
5355
5925
2311
4008
2122
8961
4123
4609
2508
2389
5796
4041
2787
4953
2567
4484
10199
12208
10703
3235
4810
8716
3608
8775
8707
9661
8824
6942
5257
2522
9157
8090
4623
9274
4805
3692
4653
3364
9716
7100
3418
6442
3074
6619
8749
2563
5884
4720
9992
5304
1910
4591
7060
5212
10757
5477
4460
2457
3546
2978
3642
13767
5213
5675
2982
13111
7067
8167
3590
2804
7328
3988
7878
4214
3003
3905
4456
3959
4399
9560
4472
8700
5707
3426
2857
4556
7567
4900
4696
4839
4576
8096
5183
4675
9499
4375
3383
7078
6485
5989
6527
3363
5513
6832
2723
3346
4115
6407
10195
2076
6784
2955
3947
9182
4011
6642
1975
7261
7117
2571
7082
3397
2451
3548
8017
7848
7166
10748
2538
7803
6901
2854
8716
6114
5915
12590
7527
8363
8598
10494
2358
4845
3428
7116
5193
4268
2503
4047
4518
12258
2671
2356
4029
7101
9521
3224
4643
8271
5619
5893
4608
4098
3164
5074
6199
7172
8560
4385
8309
8032
6504
5698
4105
11081
3962
3063
7125
3642
6102
3111
4022
7757
6295
11646
9320
3463
4270
2085
7392
4505
3344
3225
10883
3333
6588
8272
12675
4715
6328
4883
4986
2995
2241
6532
2157
6907
2438
4856
3985
3827
5763
5319
9688
9649
3335
4835
4311
5217
6614
5946
5231
2713
4185
7548
8331
6208
4901
3486
10785
3657
8421
4314
4292
5931
5159
2937
9548
5311
6606
5352
4823
7230
8850
3399
3431
2607
4086
3569
4826
5523
3000
3638
2576
6770
3013
6048
5479
3700
5161
4735
10117
9042
7387
9887
2893
8566
10264
5781
6388
3781
9738
4356
4809
4414
2550
2875
4922
2655
3396
3558
9771
3225
2411
3527
2185
7206
5097
4350
9763
3136
7876
