0	(40.7560194,-73.9868911)	(40.7484394,-73.9845729)	(40.7412687,-73.9753402)	
1	(40.7307173,-73.989061)	(40.7585378,-73.9771928)	(40.7656372,-73.976245)	
2	(40.7297255,-73.9808481)	(40.7605231,-73.9799606)	(40.7643054,-73.9730051)	(40.7742879,-73.9573034)	
3	(40.7482577,-73.9763103)	(40.7477694,-73.985072)	(40.7317091,-74.0009719)	
4	(40.7276785,-73.998173)	(40.7629496,-73.9698785)	(40.7723336,-73.9587231)	(40.7909156,-73.9391332)	
5	(40.7502562,-73.9791521)	(40.7502839,-73.9948484)	(40.7440493,-74.003174)	
6	(40.7713941,-73.9564794)	(40.749101,-73.992006)	(40.7310719,-74.0014265)	
7	(40.7921354,-73.9717984)	(40.7655479,-73.980042)	(40.7496442,-73.9990832)	(40.742254,-74.000703)	
8	(40.7762238,-73.9759669)	(40.7653736,-73.9678737)	(40.7691234,-73.9550456)	
9	(40.7227218,-74.0044507)	(40.7558708,-73.99821)	(40.7798103,-73.984479)	(40.8011213,-73.9652183)	
10	(40.7967545,-73.9609914)	(40.7684404,-73.9615733)	(40.7813902,-73.9521119)	
11	(40.7227218,-74.0044507)	(40.7216911,-74.0050864)	(40.7441027,-73.9956435)	
12	(40.7690347,-73.9923529)	(40.7674117,-73.9823896)	(40.7547917,-73.9799338)	(40.7482577,-73.9763103)	
13	(40.7317192,-73.9914682)	(40.7597914,-73.9762808)	(40.7896935,-73.9500702)	(40.7923145,-73.9485029)	
14	(40.7899606,-73.9429477)	(40.7720279,-73.9560194)	(40.7482577,-73.9763103)	
15	(40.7817682,-73.9830494)	(40.7441027,-73.9956435)	(40.7223208,-73.9971608)	
16	(40.7703907,-73.9541148)	(40.7511134,-73.9712525)	(40.7457058,-73.9721294)	
17	(40.7746583,-73.954099)	(40.7560369,-73.979021)	(40.7491115,-73.988259)	
18	(40.7416215,-74.0048605)	(40.7274569,-73.9794553)	(40.7284375,-73.9817863)	(40.7278523,-73.9822353)	(40.7272618,-73.9826618)	(40.7281724,-73.9848693)	
19	(40.7230414,-73.9987861)	(40.7242289,-73.9977901)	(40.7541755,-73.9845844)	(40.7595325,-73.999242)	
20	(40.7213771,-74.0046331)	(40.7310719,-74.0014265)	(40.7408653,-73.9900923)	
21	(40.7470385,-73.981255)	(40.7472392,-73.9933645)	(40.7502166,-74.0023398)	
22	(40.732349,-73.9849373)	(40.7507813,-73.9744652)	(40.7684404,-73.9615733)	
23	(40.7397433,-74.0025294)	(40.7547917,-73.9799338)	(40.7491608,-73.9727004)	
24	(40.7694816,-73.9578923)	(40.755217,-73.9712403)	(40.7439653,-73.9836904)	
25	(40.7648271,-73.9685315)	(40.7567653,-73.9827023)	(40.7540632,-73.9958443)	
26	(40.7888924,-73.9778633)	(40.7615707,-73.9706449)	(40.7533249,-73.9725945)	
27	(40.7422649,-73.977741)	(40.7348005,-73.9907326)	(40.7452994,-73.9984832)	
28	(40.739243,-73.999185)	(40.7502839,-73.9948484)	(40.7634329,-73.9927025)	
29	(40.800543,-73.961917)	(40.7683877,-73.9928199)	(40.7584279,-73.9926448)	(40.723421,-73.9996026)	
30	(40.760411,-73.9874575)	(40.7485077,-73.9887129)	(40.734161,-73.9987945)	
31	(40.7278523,-73.9822353)	(40.764625,-73.9583262)	(40.7746583,-73.954099)	
32	(40.744452,-73.9790704)	(40.7623915,-73.9786075)	(40.7812025,-73.9797543)	
33	(40.7551426,-73.9652308)	(40.7655479,-73.980042)	(40.7678074,-73.9894966)	
34	(40.7578478,-73.9930944)	(40.7629496,-73.9698785)	(40.771694,-73.9591839)	
35	(40.7786099,-73.9816265)	(40.7502562,-73.9791521)	(40.7355444,-73.9795044)	
36	(40.7452271,-74.0023036)	(40.7616616,-73.9865631)	(40.765359,-73.9875868)	
37	(40.743444,-73.9882085)	(40.7590991,-73.972718)	(40.7658311,-73.9634675)	
38	(40.7761118,-73.9797749)	(40.7501144,-73.9749326)	(40.7441204,-73.9763865)	
39	(40.7284375,-73.9817863)	(40.7441204,-73.9763865)	(40.767869,-73.9660462)	
40	(40.7570131,-73.963871)	(40.7627566,-73.9969327)	
41	(40.7340256,-73.9950724)	(40.7560369,-73.979021)	(40.7935029,-73.9432556)	
42	(40.802373,-73.964301)	(40.763368,-73.95924)	
43	(40.7763676,-73.9601098)	(40.7597239,-73.9722467)	(40.7475526,-73.9707756)	
44	(40.7826286,-73.9512043)	(40.7789085,-73.9582618)	(40.7685717,-73.9657963)	
45	(40.7249271,-73.9903621)	(40.7242997,-73.9908286)	(40.7408398,-74.0051382)	
46	(40.799958,-73.960527)	(40.8023473,-73.9681119)	(40.7959402,-73.9727125)	(40.7446557,-74.0063795)	
47	(40.7820454,-73.9717106)	(40.776683,-73.983047)	(40.7573185,-73.9859709)	
48	(40.7858117,-73.9428526)	(40.7864371,-73.9423906)	(40.7236985,-73.976022)	
49	(40.7686554,-73.9698225)	(40.7572272,-73.9740867)	(40.7987267,-73.9595458)	
50	(40.7636089,-73.9814355)	(40.77366,-73.9517243)	
51	(40.7570131,-73.963871)	(40.7497096,-73.991556)	(40.7464045,-74.0051253)	
52	(40.7294318,-73.9780203)	(40.751667,-73.9901537)	(40.7616136,-73.9903218)	
53	(40.7761118,-73.9797749)	(40.7559093,-73.9747795)	(40.7298371,-73.9748767)	
54	(40.7407369,-73.9817546)	(40.7603518,-73.971794)	(40.7776797,-73.9632319)	
55	(40.7832132,-73.9447555)	(40.7871366,-73.9479201)	(40.7724615,-73.9670436)	(40.779136,-73.9849752)	
56	(40.7546778,-73.9953554)	(40.7521936,-73.993451)	(40.7425974,-73.9803981)	
57	(40.7232838,-73.9825451)	(40.7555096,-73.9836118)	(40.761147,-73.9795077)	(40.7784813,-73.9854507)	
58	(40.7879094,-73.9557764)	(40.7507813,-73.9744652)	(40.7350013,-73.9798909)	
59	(40.7573799,-73.9666835)	(40.7652381,-73.9578692)	(40.774288,-73.9613885)	
60	(40.7495013,-73.9693742)	(40.759306,-73.9652891)	(40.7662157,-73.9795496)	
61	(40.7589141,-73.9996907)	(40.7609256,-73.9945242)	(40.7742367,-73.9811285)	
62	(40.7871616,-73.9716823)	(40.7723336,-73.9587231)	(40.7653736,-73.9678737)	
63	(40.7504619,-73.9872841)	(40.7547917,-73.9799338)	(40.7723773,-73.9627854)	
64	(40.7852883,-73.96935)	(40.7521824,-73.9777896)	(40.7343413,-74.0024018)	
65	(40.762801,-73.965671)	(40.774288,-73.9613885)	(40.7808176,-73.9566149)	
66	(40.7935029,-73.9432556)	(40.7833163,-73.9547635)	(40.7750108,-73.9611049)	
67	(40.754707,-73.991633)	(40.7648271,-73.9685315)	
68	(40.7408398,-74.0051382)	(40.7502839,-73.9948484)	(40.7491115,-73.988259)	
69	(40.7820454,-73.9717106)	(40.7908823,-73.9727365)	(40.802373,-73.964301)	
70	(40.7548795,-73.9685187)	(40.7514526,-73.9739487)	(40.732349,-73.9849373)	
71	(40.7210649,-73.9981876)	(40.7552592,-73.9752413)	(40.7623133,-73.9703509)	(40.7839749,-73.9703014)	
72	(40.7748104,-73.9843913)	(40.7824668,-73.9788263)	(40.764625,-73.9583262)	(40.776876,-73.9493739)	
73	(40.754091,-73.992079)	(40.7470178,-74.0046633)	(40.7386869,-73.9958737)	
74	(40.7327995,-73.974418)	(40.7557545,-73.9647894)	
75	(40.7463913,-73.9817686)	(40.7477694,-73.985072)	(40.762915,-73.985647)	
76	(40.7798082,-73.9503372)	(40.7389317,-73.9873611)	(40.7284285,-73.9942583)	
77	(40.7800695,-73.9470265)	(40.7416519,-73.978197)	(40.7366022,-73.9818561)	
78	(40.7421006,-74.0081914)	(40.7408398,-74.0051382)	(40.7597914,-73.9762808)	(40.7658311,-73.9634675)	
79	(40.7261224,-74.00161)	(40.7496561,-73.9795946)	(40.7884803,-73.9670177)	
80	(40.77012,-73.9574092)	(40.7297009,-73.9986143)	
81	(40.77813,-73.9544656)	(40.7617278,-73.9828123)	(40.7559504,-73.9907232)	
82	(40.7908823,-73.9727365)	(40.7636089,-73.9814355)	(40.7548422,-73.9841088)	(40.7401168,-73.9822027)	
83	(40.7477694,-73.985072)	(40.7571534,-73.993583)	(40.7589141,-73.9996907)	
84	(40.7301174,-73.9894735)	(40.7545701,-73.9716815)	(40.7667738,-73.9711954)	
85	(40.7219964,-74.0029816)	(40.7208719,-74.0039264)	(40.7596529,-73.9954615)	(40.7684462,-73.9890433)	
86	(40.7326656,-73.9815974)	(40.7515863,-73.9822815)	(40.7628658,-73.9894109)	
87	(40.7858826,-73.9488283)	(40.7864923,-73.9483842)	(40.7808176,-73.9566149)	(40.7603606,-73.9912374)	
88	(40.7798082,-73.9503372)	(40.7554018,-73.9794604)	
89	(40.7248612,-73.98442)	(40.7876872,-73.9750135)	(40.7940591,-73.9703639)	
90	(40.7942047,-73.962847)	(40.7566626,-73.9785554)	(40.743444,-73.9882085)	
91	(40.7293824,-73.9840037)	(40.7463913,-73.9817686)	
92	(40.758968,-73.9959404)	(40.7485077,-73.9887129)	(40.7538793,-73.9661559)	
93	(40.761038,-73.987015)	(40.7660501,-73.9833663)	(40.7836102,-73.9476188)	
94	(40.7304167,-73.9803485)	(40.7507813,-73.9744652)	(40.7606467,-73.9643128)	
95	(40.746689,-73.9744931)	(40.734834,-73.9831142)	(40.7236548,-73.9852944)	
96	(40.7945941,-73.9737085)	(40.7608933,-73.9711367)	(40.7615707,-73.9706449)	
97	(40.7488622,-74.0069398)	(40.7640595,-73.9647682)	(40.771659,-73.9531798)	
98	(40.7471648,-73.985504)	(40.7565996,-73.974532)	(40.7555055,-73.968065)	
99	(40.7773059,-73.9825827)	(40.7699003,-73.9689154)	(40.7660791,-73.9676253)	
100	(40.757961,-73.9855313)	(40.7541333,-73.9883389)	(40.7373355,-73.9926643)	
101	(40.8004565,-73.9657021)	(40.7629496,-73.9698785)	(40.745063,-73.9786216)	
102	(40.7261987,-73.9894438)	(40.7570792,-73.9698388)	(40.7817204,-73.9490041)	
103	(40.7915693,-73.9386598)	(40.7925611,-73.9410399)	(40.7548795,-73.9685187)	(40.7477694,-73.985072)	
104	(40.7410338,-73.9941718)	(40.7548422,-73.9841088)	(40.758019,-73.9817964)	
105	(40.7440493,-74.003174)	(40.7515107,-73.9939525)	(40.7615582,-73.9940582)	(40.7647357,-73.988042)	
106	(40.7502839,-73.9948484)	(40.761667,-73.9749136)	
107	(40.7396799,-73.9909531)	(40.7615582,-73.9940582)	(40.77543,-73.983971)	
108	(40.801741,-73.96476)	(40.7770124,-73.9637162)	(40.7597914,-73.9762808)	(40.7366894,-73.9931526)	
109	(40.7236854,-74.0036405)	(40.7692978,-73.9810471)	(40.785355,-73.9576403)	
110	(40.7477802,-74.0004341)	(40.7623484,-73.9823574)	(40.7892085,-73.9548095)	
111	(40.7921354,-73.9717984)	(40.7598383,-73.9841848)	(40.7502839,-73.9948484)	(40.7452343,-74.0059515)	
112	(40.7291746,-73.9872494)	(40.7415708,-73.9895773)	(40.7609256,-73.9945242)	
113	(40.7750534,-73.965151)	(40.7840829,-73.9585668)	(40.794736,-73.96987)	(40.8016539,-73.9685727)	
114	(40.7327995,-73.974418)	(40.7622871,-73.98611)	(40.7945941,-73.9737085)	
115	(40.7415708,-73.9895773)	(40.7547232,-73.975908)	(40.755217,-73.9712403)	
116	(40.7667738,-73.9711954)	(40.7711473,-73.9639279)	(40.7872835,-73.9521837)	(40.7859703,-73.9688452)	
117	(40.7236548,-73.9852944)	(40.7387856,-73.9771481)	(40.7511134,-73.9712525)	
118	(40.7763209,-73.9642256)	(40.7661522,-73.97165)	(40.736971,-73.9845136)	
119	(40.7440493,-74.003174)	(40.7502166,-74.0023398)	(40.7634329,-73.9927025)	
120	(40.791441,-73.9760113)	(40.7623484,-73.9823574)	(40.754091,-73.992079)	
121	(40.7297255,-73.9808481)	(40.7497096,-73.991556)	
122	(40.7515863,-73.9822815)	(40.7415708,-73.9895773)	(40.7343413,-74.0024018)	
123	(40.7422051,-73.9890986)	(40.7393956,-73.9766952)	(40.7517421,-73.9707907)	
124	(40.7878632,-73.9674687)	(40.7577598,-73.9734239)	(40.7515863,-73.9822815)	
125	(40.7340256,-73.9950724)	(40.7622871,-73.98611)	(40.7705407,-73.980117)	
126	(40.800586,-73.9600704)	(40.7954774,-73.965616)	(40.7813284,-73.9461261)	(40.7749697,-73.9567961)	
127	(40.7515863,-73.9822815)	(40.7603518,-73.971794)	(40.7674005,-73.9707367)	(40.7840829,-73.9585668)	
128	(40.791908,-73.941503)	(40.7674117,-73.9823896)	(40.7484335,-73.9962003)	
129	(40.7775561,-73.9488846)	(40.7781848,-73.9484201)	(40.7416519,-73.978197)	
130	(40.7697556,-73.9646861)	(40.7598383,-73.9841848)	(40.7488622,-74.0069398)	
131	(40.7230414,-73.9987861)	(40.7435581,-73.9923115)	(40.745418,-73.9909623)	
132	(40.7794356,-73.9475019)	(40.7551224,-74.0024595)	(40.74717,-74.0008625)	(40.7267998,-73.9889813)	
133	(40.7514154,-74.0051723)	(40.7291746,-73.9872494)	(40.7285977,-73.9876718)	(40.7232818,-73.9884111)	
134	(40.7299926,-73.99408)	(40.746581,-73.997552)	(40.7534056,-73.9963183)	
135	(40.7279634,-73.9881305)	(40.7414922,-73.9854799)	(40.7635447,-73.9851925)	
136	(40.7769085,-73.9754605)	(40.7636484,-73.9734618)	(40.7229299,-74.0021707)	(40.7219964,-74.0029816)	
137	(40.7618654,-73.9634274)	(40.7859211,-73.9531526)	(40.79338,-73.970858)	
138	(40.7413335,-73.9813051)	(40.7497295,-73.9836386)	(40.784252,-73.9471534)	
139	(40.7857376,-73.9764445)	(40.7863639,-73.9760009)	(40.7509682,-73.9827201)	(40.735378,-73.9982757)	
140	(40.7804521,-73.9498879)	(40.7756942,-73.9646937)	(40.7838387,-73.9778271)	
141	(40.7501144,-73.9749326)	(40.7482577,-73.9763103)	(40.7354347,-73.9826915)	
142	(40.7363809,-73.9849327)	(40.7438203,-73.9795001)	(40.7501144,-73.9749326)	
143	(40.7819529,-73.9754869)	(40.7547917,-73.9799338)	(40.7400154,-73.976246)	
144	(40.771694,-73.9591839)	(40.7845455,-73.9735999)	(40.7908823,-73.9727365)	
145	(40.7936595,-73.9475393)	(40.7236985,-73.976022)	(40.7416215,-74.0048605)	
146	(40.7248988,-74.0026214)	(40.7545893,-73.9991464)	(40.7908156,-73.9764719)	
147	(40.7679312,-73.9857243)	(40.7653068,-73.9638425)	
148	(40.7535205,-73.9887892)	(40.761051,-73.9753635)	(40.7646896,-73.9643068)	
149	(40.7440493,-74.003174)	(40.7348005,-73.9907326)	(40.7287453,-73.9785306)	
150	(40.7299926,-73.99408)	(40.7599003,-73.9804317)	(40.7636484,-73.9734618)	(40.782715,-73.9712301)	
151	(40.749101,-73.992006)	(40.7597239,-73.9722467)	
152	(40.7265019,-74.0023692)	(40.7404467,-73.9945886)	(40.761051,-73.9753635)	
153	(40.7616136,-73.9903218)	(40.7888924,-73.9778633)	
154	(40.7923537,-73.9525276)	(40.758397,-73.9729763)	(40.7545701,-73.9716815)	
155	(40.7290718,-73.9813401)	(40.7391865,-73.9799897)	(40.7491122,-73.9840674)	
156	(40.7660501,-73.9833663)	(40.7876872,-73.9750135)	(40.7785824,-73.9513203)	
157	(40.7711575,-73.9679901)	(40.767119,-73.9564907)	(40.7871366,-73.9479201)	(40.7877698,-73.9474512)	
158	(40.7929857,-73.9480087)	(40.791441,-73.9760113)	(40.7741554,-73.9848592)	(40.7753794,-73.9877191)	
159	(40.7445263,-73.9831236)	(40.7534847,-73.9808766)	(40.7662157,-73.9795496)	
160	(40.7416215,-74.0048605)	(40.7402522,-73.9905273)	(40.732349,-73.9849373)	
161	(40.7993626,-73.9590845)	(40.7730403,-73.9782945)	(40.7704272,-73.9876306)	(40.7440382,-74.0085787)	
162	(40.7338333,-73.9807573)	(40.747705,-73.9807655)	(40.7510857,-73.9868523)	
163	(40.7432522,-74.0087289)	(40.7424762,-74.0088873)	(40.7477802,-74.0004341)	(40.7382921,-74.0039746)	(40.7229299,-74.0021707)	
164	(40.7603075,-73.9949797)	(40.7616616,-73.9865631)	(40.7884409,-73.9509964)	
165	(40.7440493,-74.003174)	(40.7684404,-73.9615733)	(40.7678011,-73.9559983)	(40.7761874,-73.949852)	
166	(40.7851691,-73.9433181)	(40.7862118,-73.9457452)	(40.7555055,-73.968065)	(40.7504841,-73.9717243)	(40.7413335,-73.9813051)	
167	(40.7603606,-73.9912374)	(40.7802241,-73.961376)	(40.7795899,-73.9618385)	(40.7808552,-73.9609158)	
168	(40.7845881,-73.9419392)	(40.7942047,-73.962847)	(40.7497096,-73.991556)	(40.729187,-74.0011903)	
169	(40.7520323,-74.0047257)	(40.7515107,-73.9939525)	(40.7338333,-73.9807573)	
170	(40.79725,-73.968038)	(40.7691193,-73.9885587)	(40.7539128,-73.999628)	
171	(40.771659,-73.9531798)	(40.759167,-73.9767368)	(40.7649999,-73.9767003)	(40.779136,-73.9849752)	
172	(40.7896389,-73.9460753)	(40.783266,-73.9507404)	(40.7609525,-73.967042)	
173	(40.791669,-73.9646907)	(40.7879094,-73.9557764)	(40.78222,-73.9599261)	(40.7444588,-73.973034)	
174	(40.7742367,-73.9811285)	(40.7776401,-73.9591871)	(40.7730173,-73.9521792)	
175	(40.798564,-73.963361)	(40.7720279,-73.9560194)	(40.7729586,-73.9582543)	
176	(40.7274134,-73.9885281)	(40.743095,-73.974015)	(40.7479306,-73.9736107)	
177	(40.7232838,-73.9825451)	(40.7561351,-73.9831642)	(40.7585806,-73.9850687)	(40.7923537,-73.9525276)	
178	(40.770312,-73.9913902)	(40.7552592,-73.9752413)	
179	(40.7653017,-73.9913397)	(40.7611008,-73.9832674)	(40.7572272,-73.9740867)	(40.7378694,-74.0002019)	
180	(40.7851039,-73.9769031)	(40.7962261,-73.9497122)	(40.7917268,-73.9529824)	(40.7903081,-73.9496165)	
181	(40.7484192,-73.9999939)	(40.743444,-73.9882085)	(40.7402522,-73.9905273)	(40.7300043,-73.9835255)	
182	(40.764684,-73.9917896)	(40.7260554,-73.9835429)	(40.726961,-73.9857531)	
183	(40.7729826,-73.9820422)	(40.7648271,-73.9685315)	(40.7820159,-73.9516485)	(40.7903081,-73.9496165)	
184	(40.7984533,-73.9709053)	(40.7872215,-73.9679357)	(40.7618654,-73.9634274)	
185	(40.7665562,-73.9904231)	(40.7818433,-73.9792822)	(40.7878021,-73.9514606)	
186	(40.7219964,-74.0029816)	(40.7208719,-74.0039264)	(40.7641748,-73.9847444)	(40.7824668,-73.9788263)	
187	(40.7532717,-74.0038207)	(40.7515107,-73.9939525)	(40.7655163,-73.9721006)	
188	(40.7621338,-73.9973885)	(40.7561351,-73.9831642)	(40.8004565,-73.9657021)	
189	(40.77543,-73.983971)	(40.7812025,-73.9797543)	(40.799139,-73.9666512)	
190	(40.7497096,-73.991556)	(40.7328437,-73.9959437)	
191	(40.7641123,-73.9687837)	(40.7717443,-73.9632455)	(40.782715,-73.9712301)	
192	(40.7665612,-73.9629317)	(40.759167,-73.9767368)	(40.751667,-73.9901537)	
193	(40.755362,-73.9874324)	(40.7503293,-73.9911014)	(40.7307173,-73.989061)	
194	(40.7653736,-73.9678737)	(40.7552592,-73.9752413)	(40.733438,-73.9955166)	
195	(40.7901944,-73.9769269)	(40.7642247,-73.9809935)	(40.7274134,-73.9885281)	
196	(40.75475,-73.987892)	(40.7377572,-73.9882062)	
197	(40.7817204,-73.9490041)	(40.7808176,-73.9566149)	(40.7869408,-73.9792876)	
198	(40.7662476,-73.9602479)	(40.7435081,-73.9768341)	(40.7326656,-73.9815974)	(40.7255879,-73.989893)	
199	(40.744452,-73.9790704)	(40.7767377,-73.9793226)	(40.7761118,-73.9797749)	
200	(40.7622871,-73.98611)	(40.7502839,-73.9948484)	(40.7272618,-73.9826618)	
201	(40.7460738,-73.9749362)	(40.7704307,-73.9601096)	(40.7788161,-73.9539643)	(40.781103,-73.9494507)	
202	(40.7731481,-73.9665404)	(40.7872835,-73.9521837)	(40.7885858,-73.9552765)	(40.7999625,-73.9585771)	
203	(40.7789593,-73.9623038)	(40.7555096,-73.9836118)	(40.7478614,-73.9929174)	(40.737368,-73.9968432)	
204	(40.756567,-73.990276)	(40.7671906,-73.9624799)	
205	(40.7833163,-73.9547635)	(40.7802256,-73.9573002)	(40.7216911,-74.0050864)	
206	(40.7577598,-73.9734239)	(40.7521824,-73.9777896)	(40.7240593,-74.0043864)	
207	(40.771694,-73.9591839)	(40.7786099,-73.9816265)	(40.7863639,-73.9760009)	
208	(40.7699224,-73.9805605)	(40.7793005,-73.9811343)	(40.7928802,-73.9437163)	(40.791908,-73.941503)	
209	(40.7394962,-73.982669)	(40.7678011,-73.9559983)	(40.7761874,-73.949852)	
210	(40.7614857,-73.9606064)	(40.7502839,-73.9948484)	(40.7477802,-74.0004341)	
211	(40.7573938,-73.9822503)	(40.7674117,-73.9823896)	(40.767869,-73.9660462)	
212	(40.7407124,-74.0089519)	(40.73658,-74.0011456)	(40.7313474,-73.9825664)	(40.7381657,-73.9775889)	
213	(40.7491608,-73.9727004)	(40.7389317,-73.9873611)	
214	(40.7485585,-73.9731494)	(40.7529301,-73.9854822)	(40.8016539,-73.9685727)	
215	(40.7785824,-73.9513203)	(40.7599732,-73.9648104)	(40.758978,-73.9624468)	
216	(40.7786099,-73.9816265)	(40.7604566,-73.9837229)	(40.7541755,-73.9845844)	
217	(40.7439653,-73.9836904)	(40.7515149,-73.9782662)	(40.7542506,-73.968974)	
218	(40.7304167,-73.9803485)	(40.7415708,-73.9895773)	(40.7343413,-74.0024018)	
219	(40.7478166,-73.9966529)	(40.7793005,-73.9811343)	(40.7858042,-73.9726874)	(40.7789593,-73.9623038)	
220	(40.7570131,-73.963871)	(40.7589716,-73.9684837)	(40.7287833,-73.9844341)	
221	(40.7634409,-73.965211)	(40.7422649,-73.977741)	
222	(40.7446311,-73.9989763)	(40.7521824,-73.9777896)	(40.7596197,-73.9619668)	
223	(40.7685717,-73.9657963)	(40.7724615,-73.9670436)	(40.779136,-73.9849752)	
224	(40.735321,-73.9941315)	(40.7514526,-73.9739487)	(40.7555055,-73.968065)	
225	(40.799139,-73.9666512)	(40.7750108,-73.9611049)	(40.7396799,-73.9909531)	(40.7366617,-73.997364)	
226	(40.7852883,-73.96935)	(40.7452995,-73.9868411)	(40.7236854,-74.0036405)	
227	(40.7428202,-74.0077185)	(40.7561351,-73.9831642)	(40.790896,-73.9451536)	(40.7915751,-73.9446725)	
228	(40.745063,-73.9786216)	(40.7491122,-73.9840674)	(40.7478483,-74.0078746)	
229	(40.7468022,-74.0078626)	(40.7458183,-74.0055317)	(40.7284387,-73.9996714)	(40.7238917,-73.9820956)	
230	(40.7834666,-73.9590127)	(40.7503293,-73.9911014)	(40.7416224,-73.99375)	
231	(40.7332802,-73.9871961)	(40.7497819,-73.9877534)	(40.7545893,-73.9991464)	
232	(40.7893321,-73.943401)	(40.7685717,-73.9657963)	(40.7608399,-73.99832)	
233	(40.7872835,-73.9521837)	(40.7304167,-73.9803485)	(40.7313474,-73.9825664)	
234	(40.7434669,-74.0035831)	(40.745952,-73.998009)	(40.7871366,-73.9479201)	(40.7877698,-73.9474512)	(40.7868424,-73.9452772)	
235	(40.7289111,-73.9903783)	(40.758978,-73.9624468)	(40.764625,-73.9583262)	(40.7813284,-73.9461261)	
236	(40.7617278,-73.9828123)	(40.7422317,-73.9970149)	(40.7232838,-73.9825451)	(40.7226831,-73.9829783)	
237	(40.7241796,-74.0011327)	(40.7390911,-73.9913844)	(40.7596529,-73.9954615)	
238	(40.7532358,-73.9665538)	(40.7547232,-73.975908)	(40.7603606,-73.9912374)	
239	(40.7463974,-73.9776361)	(40.7567653,-73.9827023)	(40.7890023,-73.9740865)	(40.7954774,-73.965616)	
240	(40.7479306,-73.9736107)	(40.7573003,-73.9781055)	(40.7909383,-73.9689426)	
241	(40.7313232,-73.9886177)	(40.7521824,-73.9777896)	(40.7648271,-73.9685315)	
242	(40.7892085,-73.9548095)	(40.7520651,-73.9735114)	(40.7414922,-73.9854799)	(40.7272618,-73.9826618)	
243	(40.74104,-73.9786526)	(40.7640595,-73.9647682)	(40.776868,-73.955408)	
244	(40.8016539,-73.9685727)	(40.7652578,-73.9950906)	(40.7747467,-73.9881778)	(40.7735391,-73.9853266)	
245	(40.7291746,-73.9872494)	(40.7634977,-73.9692303)	
246	(40.7341486,-73.9991785)	(40.7485077,-73.9887129)	(40.7437892,-73.9735182)	
247	(40.7281978,-73.9956035)	(40.7326656,-73.9815974)	(40.7807062,-73.9465848)	
248	(40.7629724,-73.9819048)	(40.7457167,-73.9781195)	(40.7226831,-73.9829783)	
249	(40.7839749,-73.9703014)	(40.7836102,-73.9476188)	(40.7922478,-73.9441767)	
250	(40.7608662,-73.9610606)	(40.7730984,-73.9625037)	(40.7832629,-73.9745522)	
251	(40.7438203,-73.9795001)	(40.7276785,-73.998173)	(40.7264925,-73.9991735)	
252	(40.7911007,-73.953428)	(40.7576976,-73.9693977)	(40.7504841,-73.9717243)	
253	(40.7735957,-73.9577825)	(40.7502839,-73.9948484)	(40.7464045,-74.0051253)	
254	(40.7572276,-73.989793)	(40.7437892,-73.9735182)	
255	(40.798564,-73.963361)	(40.7858042,-73.9726874)	(40.7554018,-73.9794604)	
256	(40.7636484,-73.9734618)	(40.7567653,-73.9827023)	(40.7481803,-74.0074286)	
257	(40.7713941,-73.9564794)	(40.7230414,-73.9987861)	(40.7217896,-73.9998669)	(40.7221812,-74.0006571)	
258	(40.7548795,-73.9685187)	(40.7256804,-73.9807682)	(40.7236985,-73.976022)	
259	(40.7685898,-73.985226)	(40.7621826,-73.9661193)	
260	(40.77813,-73.9544656)	(40.7723773,-73.9627854)	(40.7634937,-73.9889648)	
261	(40.735378,-73.9982757)	(40.7548422,-73.9841088)	(40.7720279,-73.9560194)	(40.776592,-73.9527726)	
262	(40.7341486,-73.9991785)	(40.7583499,-73.9689463)	(40.758314,-73.9629331)	
263	(40.7949648,-73.9506188)	(40.7808552,-73.9609158)	(40.747893,-73.9891689)	(40.7416224,-73.99375)	
264	(40.7488622,-74.0069398)	(40.761051,-73.9753635)	(40.7634409,-73.965211)	
265	(40.7595325,-73.999242)	(40.7410338,-73.9941718)	(40.7317192,-73.9914682)	(40.7311726,-73.9919268)	
266	(40.7545893,-73.9991464)	(40.7605231,-73.9799606)	
267	(40.7629724,-73.9819048)	(40.7541755,-73.9845844)	(40.744009,-73.999422)	
268	(40.7488622,-74.0069398)	(40.7422051,-73.9890986)	(40.7350013,-73.9798909)	
269	(40.7735005,-73.989087)	(40.7685898,-73.985226)	(40.7536329,-73.9694279)	
270	(40.7992792,-73.9628399)	(40.7774195,-73.9788117)	(40.723421,-73.9996026)	
271	(40.7419747,-73.9808689)	(40.747635,-73.9767664)	(40.7814422,-73.9561416)	
272	(40.7572276,-73.989793)	(40.783266,-73.9507404)	
273	(40.7770124,-73.9637162)	(40.7929857,-73.9480087)	(40.7936595,-73.9475393)	(40.7942885,-73.947083)	(40.7928802,-73.9437163)	
274	(40.800957,-73.969046)	(40.7573185,-73.9859709)	(40.7242667,-73.9848465)	
275	(40.7402642,-74.0058661)	(40.7459988,-73.9942772)	(40.7763676,-73.9601098)	
276	(40.7297255,-73.9808481)	(40.7730173,-73.9521792)	(40.7896311,-73.94006)	
277	(40.7647976,-73.9842943)	(40.7503293,-73.9911014)	(40.7452994,-73.9984832)	
278	(40.734242,-73.9835512)	(40.7407369,-73.9817546)	(40.7523188,-73.9859461)	
279	(40.7470178,-74.0046633)	(40.758019,-73.9817964)	(40.7928767,-73.9675422)	
280	(40.730379,-73.9863665)	(40.7497096,-73.991556)	(40.7539128,-73.999628)	
281	(40.7962261,-73.9497122)	(40.77012,-73.9574092)	(40.7481188,-73.9701649)	
282	(40.7840382,-73.9545344)	(40.7746583,-73.954099)	(40.7799331,-73.980677)	
283	(40.7362253,-73.9790084)	(40.7583499,-73.9689463)	
284	(40.7832132,-73.9447555)	(40.7871366,-73.9479201)	(40.7749697,-73.9567961)	(40.7599732,-73.9648104)	
285	(40.7388368,-73.9831597)	(40.7604566,-73.9837229)	(40.7634937,-73.9889648)	
286	(40.7691234,-73.9550456)	(40.7617719,-73.9790609)	(40.7566688,-73.9863691)	(40.7747467,-73.9881778)	
287	(40.7634977,-73.9692303)	(40.7548795,-73.9685187)	(40.7348005,-73.9907326)	(40.7295952,-73.99327)	
288	(40.7940591,-73.9703639)	(40.7652381,-73.9578692)	(40.7298371,-73.9748767)	
289	(40.7350013,-73.9798909)	(40.7521936,-73.993451)	(40.7615582,-73.9940582)	
290	(40.7279634,-73.9881305)	(40.7488713,-73.9758612)	(40.7839524,-73.9442217)	(40.7804521,-73.9498879)	
291	(40.7697512,-73.9605925)	(40.7617278,-73.9828123)	(40.7552526,-73.9986612)	
292	(40.7552896,-73.9949084)	(40.7557842,-74.00197)	(40.7742987,-73.9773788)	
293	(40.7997833,-73.9661952)	(40.7892085,-73.9548095)	(40.7878021,-73.9514606)	
294	(40.7794356,-73.9475019)	(40.7884409,-73.9509964)	(40.7762238,-73.9759669)	
295	(40.7457058,-73.9721294)	(40.7605231,-73.9799606)	(40.7742367,-73.9811285)	(40.7948582,-73.9623756)	
296	(40.746657,-73.9900516)	(40.7603518,-73.971794)	(40.7770003,-73.9596525)	
297	(40.766851,-73.9791022)	(40.7729586,-73.9582543)	(40.7896389,-73.9460753)	(40.7910497,-73.9494321)	
298	(40.7437892,-73.9735182)	(40.7559504,-73.9907232)	(40.7735391,-73.9853266)	
299	(40.7507482,-73.9684245)	(40.7510335,-73.9905999)	(40.7416215,-74.0048605)	
300	(40.7383421,-73.9877797)	(40.7577598,-73.9734239)	(40.7865034,-73.9524274)	
301	(40.761038,-73.987015)	(40.7831516,-73.9783327)	(40.7952701,-73.9732204)	
302	(40.7249271,-73.9903621)	(40.7360158,-73.9936331)	(40.740444,-74.002019)	(40.7478483,-74.0078746)	
303	(40.7807554,-73.9525679)	(40.7497096,-73.991556)	(40.7372245,-74.0006804)	
304	(40.7729826,-73.9820422)	(40.7604171,-73.9758275)	(40.7488077,-73.9697163)	
305	(40.7217896,-73.9998669)	(40.7414922,-73.9854799)	(40.737368,-73.9968432)	(40.7434669,-74.0035831)	
306	(40.8011213,-73.9652183)	(40.7895649,-73.9773839)	(40.7760243,-73.9872417)	(40.7597346,-73.9916968)	
307	(40.7711575,-73.9679901)	(40.7559093,-73.9747795)	(40.7298371,-73.9748767)	
308	(40.7929857,-73.9480087)	(40.7851928,-73.9493417)	(40.7911007,-73.953428)	(40.7557545,-73.9647894)	
309	(40.7514817,-73.9977506)	(40.7597914,-73.9762808)	(40.7736568,-73.9618531)	(40.7802256,-73.9573002)	
310	(40.7501144,-73.9749326)	(40.7497096,-73.991556)	(40.7410673,-73.9978679)	
311	(40.77813,-73.9544656)	(40.7653068,-73.9638425)	(40.7784813,-73.9854507)	
312	(40.7888924,-73.9778633)	(40.7623484,-73.9823574)	(40.7491115,-73.988259)	
313	(40.7775456,-73.9750068)	(40.7685717,-73.9657963)	(40.7603518,-73.971794)	
314	(40.7927713,-73.97133)	(40.7911007,-73.953428)	(40.7781848,-73.9484201)	
315	(40.7603606,-73.9912374)	(40.7510335,-73.9905999)	(40.7341486,-73.9991785)	
316	(40.7684462,-73.9890433)	(40.7584279,-73.9926448)	(40.723421,-73.9996026)	
317	(40.7882111,-73.9783636)	(40.783907,-73.9740661)	(40.7496747,-73.9952986)	(40.7284375,-73.9817863)	
318	(40.7623915,-73.9786075)	(40.7515149,-73.9782662)	(40.7471648,-73.985504)	
319	(40.7496747,-73.9952986)	(40.7630345,-73.9781444)	(40.7845154,-73.9498287)	
320	(40.7381657,-73.9775889)	(40.7391865,-73.9799897)	(40.7390617,-74.0030973)	
321	(40.7939578,-73.974151)	(40.7850359,-73.9806797)	(40.7730173,-73.9521792)	
322	(40.782715,-73.9712301)	(40.7547917,-73.9799338)	(40.7360158,-73.9936331)	
323	(40.7704307,-73.9601096)	(40.7640595,-73.9647682)	(40.7433502,-73.9841347)	
324	(40.7818433,-73.9792822)	(40.7501144,-73.9749326)	(40.7482577,-73.9763103)	
325	(40.7305773,-73.9924238)	(40.7381657,-73.9775889)	(40.7431951,-73.9799523)	
326	(40.7731481,-73.9665404)	(40.7636484,-73.9734618)	(40.7365699,-73.9890719)	(40.7297745,-73.9868067)	
327	(40.7272618,-73.9826618)	(40.744452,-73.9790704)	(40.7728698,-73.9895497)	
328	(40.7414418,-74.0087084)	(40.736204,-74.0035456)	(40.7284285,-73.9942583)	(40.7236854,-74.0036405)	
329	(40.7583115,-74.0001428)	(40.7640484,-73.9922389)	(40.7629724,-73.9819048)	(40.7829847,-73.9480761)	
330	(40.7804967,-73.9839774)	(40.80033,-73.969505)	(40.7909931,-73.9651818)	(40.791669,-73.9646907)	
331	(40.7343413,-74.0024018)	(40.7248988,-74.0026214)	(40.7256804,-73.9807682)	
332	(40.77048,-73.983855)	(40.7598383,-73.9841848)	(40.7465393,-73.9859729)	
333	(40.7819529,-73.9754869)	(40.7560194,-73.9868911)	(40.7392873,-73.9954468)	
334	(40.7868424,-73.9452772)	(40.7742879,-73.9573034)	(40.7452995,-73.9868411)	
335	(40.7372245,-74.0006804)	(40.7502839,-73.9948484)	(40.7895649,-73.9773839)	
336	(40.7339857,-73.9909365)	(40.7774195,-73.9788117)	(40.7890023,-73.9740865)	(40.792198,-73.9680372)	
337	(40.796575,-73.9722692)	(40.7911007,-73.953428)	(40.7840382,-73.9545344)	
338	(40.7402137,-73.9864169)	(40.7634409,-73.965211)	(40.7807062,-73.9465848)	
339	(40.7774195,-73.9788117)	(40.7788161,-73.9539643)	(40.7915693,-73.9386598)	
340	(40.7817682,-73.9830494)	(40.7857376,-73.9764445)	(40.79338,-73.970858)	(40.79725,-73.968038)	
341	(40.7508373,-74.0018852)	(40.7548422,-73.9841088)	(40.7720279,-73.9560194)	(40.7955926,-73.9501655)	
342	(40.7437892,-73.9735182)	(40.7507482,-73.9684245)	(40.7858117,-73.9428526)	(40.7864371,-73.9423906)	(40.7874861,-73.9447971)	
343	(40.7767377,-73.9793226)	(40.7634937,-73.9889648)	(40.7408398,-74.0051382)	
344	(40.7961234,-73.9614497)	(40.732349,-73.9849373)	(40.726961,-73.9857531)	
345	(40.7784813,-73.9854507)	(40.732349,-73.9849373)	(40.7279634,-73.9881305)	
346	(40.7736568,-73.9618531)	(40.7623133,-73.9703509)	(40.737368,-73.9968432)	
347	(40.7851039,-73.9769031)	(40.7510335,-73.9905999)	(40.7311726,-73.9919268)	
348	(40.7883313,-73.9410125)	(40.7503293,-73.9911014)	(40.7446868,-73.9873046)	(40.73856,-73.999678)	
349	(40.7763209,-73.9642256)	(40.7602427,-73.9615112)	(40.7614857,-73.9606064)	
350	(40.7643734,-73.9616091)	(40.7510335,-73.9905999)	(40.7355444,-73.9795044)	
351	(40.7385641,-73.9804459)	(40.7514526,-73.9739487)	(40.7634409,-73.965211)	
352	(40.7252622,-74.0033799)	(40.7502562,-73.9791521)	(40.7664912,-73.9569688)	
353	(40.7640484,-73.9922389)	(40.7584279,-73.9926448)	(40.7375442,-73.9780538)	
354	(40.7268695,-73.9799113)	(40.7278523,-73.9822353)	(40.7272618,-73.9826618)	(40.7521936,-73.993451)	
355	(40.7923863,-73.9641827)	(40.7832132,-73.9447555)	(40.7839524,-73.9442217)	
356	(40.7916802,-73.9489657)	(40.774288,-73.9613885)	(40.7609525,-73.967042)	
357	(40.7398871,-73.9987303)	(40.766736,-73.9828696)	(40.770312,-73.9913902)	
358	(40.7987267,-73.9595458)	(40.7491122,-73.9840674)	(40.7452995,-73.9868411)	(40.7240593,-74.0043864)	
359	(40.7343413,-74.0024018)	(40.7415708,-73.9895773)	(40.7458336,-73.9823391)	
360	(40.7608662,-73.9610606)	(40.7640595,-73.9647682)	(40.7756942,-73.9646937)	
361	(40.774288,-73.9613885)	(40.7808552,-73.9609158)	(40.7896269,-73.9736228)	
362	(40.787697,-73.9414658)	(40.7883313,-73.9410125)	(40.7911007,-73.953428)	(40.7592723,-73.9808828)	
363	(40.7752992,-73.9536403)	(40.7509682,-73.9827201)	(40.7257515,-73.9976728)	
364	(40.7327995,-73.974418)	(40.7391865,-73.9799897)	(40.7390617,-74.0030973)	
365	(40.7564635,-73.9703223)	(40.766851,-73.9791022)	(40.7871616,-73.9716823)	
366	(40.7280901,-74.0021145)	(40.7592009,-73.9846144)	(40.7851039,-73.9769031)	(40.7895649,-73.9773839)	
367	(40.7824028,-73.9825934)	(40.7598383,-73.9841848)	(40.7528183,-73.9813747)	
368	(40.7576475,-73.963415)	(40.7665612,-73.9629317)	(40.7812025,-73.9797543)	(40.795361,-73.969415)	
369	(40.7649999,-73.9767003)	(40.7585806,-73.9850687)	(40.7319753,-73.9881577)	
370	(40.7887087,-73.943873)	(40.7652381,-73.9578692)	(40.765874,-73.9573957)	
371	(40.755217,-73.9712403)	(40.7439653,-73.9836904)	(40.7384903,-73.9918083)	
372	(40.7343753,-73.9803527)	(40.7551426,-73.9652308)	(40.7742982,-73.9512624)	
373	(40.7602719,-73.9675409)	(40.7940591,-73.9703639)	(40.800957,-73.969046)	
374	(40.7390911,-73.9913844)	(40.7692978,-73.9810471)	(40.7786099,-73.9816265)	(40.7863639,-73.9760009)	
375	(40.792696,-73.975075)	(40.7920727,-73.9755459)	(40.7484708,-73.9924674)	(40.7416646,-74.0011315)	
376	(40.7723021,-73.9862412)	(40.7502839,-73.9948484)	
377	(40.7915751,-73.9446725)	(40.762801,-73.965671)	(40.7445263,-73.9831236)	
378	(40.7394999,-73.9868014)	(40.7679312,-73.9857243)	(40.7980416,-73.9600487)	
379	(40.7799331,-73.980677)	(40.7608399,-73.99832)	(40.7428202,-74.0077185)	
380	(40.7621338,-73.9973885)	(40.7522877,-73.9897059)	(40.7665612,-73.9629317)	(40.7720279,-73.9560194)	
381	(40.7488077,-73.9697163)	(40.7491122,-73.9840674)	(40.7336446,-73.9995454)	
382	(40.7200506,-73.9990675)	(40.7605231,-73.9799606)	(40.7935579,-73.9670379)	(40.7990839,-73.97044)	
383	(40.730379,-73.9863665)	(40.745063,-73.9786216)	(40.7567606,-73.9671458)	
384	(40.7236548,-73.9852944)	(40.7457167,-73.9781195)	
385	(40.7472392,-73.9933645)	(40.755362,-73.9874324)	(40.7798082,-73.9503372)	
386	(40.7410712,-74.0015593)	(40.7522877,-73.9897059)	(40.7630345,-73.9781444)	
387	(40.7851685,-73.9731314)	(40.7502839,-73.9948484)	(40.7496009,-74.0027918)	
388	(40.759167,-73.9767368)	(40.7422051,-73.9890986)	(40.7346736,-73.9945869)	
389	(40.7564635,-73.9703223)	(40.7502839,-73.9948484)	(40.7267998,-73.9889813)	
390	(40.7808176,-73.9566149)	(40.7497819,-73.9877534)	
391	(40.79725,-73.968038)	(40.781103,-73.9494507)	(40.7589716,-73.9684837)	
392	(40.7245817,-73.9874952)	(40.7472392,-73.9933645)	(40.7908156,-73.9764719)	
393	(40.7967545,-73.9609914)	(40.7973741,-73.960536)	(40.7484335,-73.9962003)	(40.7428845,-74.0040091)	
394	(40.796575,-73.9722692)	(40.7839524,-73.9442217)	(40.784979,-73.946633)	(40.7870698,-73.9419167)	
395	(40.7491608,-73.9727004)	(40.7567606,-73.9671458)	(40.7820159,-73.9516485)	
396	(40.7490229,-73.9800469)	(40.7552592,-73.9752413)	(40.7634977,-73.9692303)	
397	(40.7421166,-73.9850392)	(40.7592723,-73.9808828)	(40.7940591,-73.9703639)	(40.7954826,-73.9619149)	
398	(40.7692123,-73.9847724)	(40.7578478,-73.9930944)	(40.7422925,-74.004457)	
399	(40.746657,-73.9900516)	(40.7390911,-73.9913844)	(40.7268695,-73.9799113)	
400	(40.7313474,-73.9825664)	(40.755217,-73.9712403)	
401	(40.792198,-73.9680372)	(40.7655479,-73.980042)	(40.7248988,-74.0026214)	
402	(40.7683877,-73.9928199)	(40.7636484,-73.9734618)	(40.7646896,-73.9643068)	
403	(40.771659,-73.9531798)	(40.7643054,-73.9730051)	(40.7601566,-73.9987993)	
404	(40.7786099,-73.9816265)	(40.7573185,-73.9859709)	(40.7253796,-73.9968145)	
405	(40.7265019,-74.0023692)	(40.7522003,-73.9818336)	(40.7585378,-73.9771928)	(40.800586,-73.9600704)	
406	(40.7724281,-73.9787386)	(40.7584279,-73.9926448)	(40.74717,-74.0008625)	
407	(40.7740246,-73.954563)	(40.7616616,-73.9865631)	(40.7640121,-73.9960221)	
408	(40.7680282,-73.9702767)	(40.7655479,-73.980042)	(40.7434669,-74.0035831)	
409	(40.7360158,-73.9936331)	(40.7560369,-73.979021)	(40.7649241,-73.9725552)	
410	(40.7545701,-73.9716815)	(40.7723336,-73.9587231)	(40.77813,-73.9544656)	
411	(40.7921354,-73.9717984)	(40.79787,-73.967575)	(40.7915641,-73.9684768)	(40.7767377,-73.9793226)	
412	(40.7460738,-73.9749362)	(40.7559093,-73.9747795)	(40.7608933,-73.9711367)	(40.7884409,-73.9509964)	
413	(40.7460738,-73.9749362)	(40.7450837,-73.972574)	(40.7602427,-73.9615112)	
414	(40.734834,-73.9831142)	(40.7552592,-73.9752413)	(40.7799331,-73.980677)	
415	(40.777504,-73.9549428)	(40.7929857,-73.9480087)	(40.7936595,-73.9475393)	(40.7942885,-73.947083)	
416	(40.7623915,-73.9786075)	(40.7468022,-74.0078626)	(40.7460955,-74.0079944)	
417	(40.7475035,-74.0077332)	(40.7502839,-73.9948484)	(40.7623915,-73.9786075)	
418	(40.74717,-74.0008625)	(40.7410673,-73.9978679)	(40.7254486,-73.983968)	
419	(40.747893,-73.9891689)	(40.7876872,-73.9750135)	
420	(40.7830395,-73.9821213)	(40.765359,-73.9875868)	(40.7521936,-73.993451)	
421	(40.783266,-73.9507404)	(40.7775456,-73.9750068)	(40.7507957,-74.0056282)	(40.750183,-74.0060963)	(40.749546,-74.0066086)	
422	(40.7216911,-74.0050864)	(40.7692978,-73.9810471)	(40.7859703,-73.9688452)	
423	(40.7629496,-73.9698785)	(40.7634977,-73.9692303)	(40.7641123,-73.9687837)	(40.7865935,-73.9567199)	
424	(40.7502166,-74.0023398)	(40.7534056,-73.9963183)	(40.7655163,-73.9721006)	
425	(40.7942885,-73.947083)	(40.7962261,-73.9497122)	(40.7629496,-73.9698785)	
426	(40.7555096,-73.9836118)	(40.7599003,-73.9804317)	(40.7643054,-73.9730051)	(40.7794356,-73.9475019)	
427	(40.7515149,-73.9782662)	(40.7589716,-73.9684837)	(40.7890143,-73.9465351)	
428	(40.801741,-73.96476)	(40.7770124,-73.9637162)	(40.7634409,-73.965211)	(40.7639932,-73.9587835)	
429	(40.7615124,-73.9978323)	(40.7705407,-73.980117)	(40.7884803,-73.9670177)	(40.7891117,-73.9665599)	
430	(40.80033,-73.969505)	(40.7952701,-73.9732204)	(40.785355,-73.9576403)	
431	(40.764684,-73.9917896)	(40.7510335,-73.9905999)	(40.7377572,-73.9882062)	
432	(40.7343753,-73.9803527)	(40.7652381,-73.9578692)	(40.7729586,-73.9582543)	(40.7791877,-73.9507958)	
433	(40.7310008,-73.9859207)	(40.7794356,-73.9475019)	(40.7870698,-73.9419167)	(40.787697,-73.9414658)	(40.7887087,-73.943873)	(40.7880822,-73.9443263)	
434	(40.7851691,-73.9433181)	(40.7858117,-73.9428526)	(40.7864371,-73.9423906)	(40.7788161,-73.9539643)	(40.7656372,-73.976245)	
435	(40.7470178,-74.0046633)	(40.761038,-73.987015)	(40.776683,-73.983047)	
436	(40.779136,-73.9849752)	(40.7685717,-73.9657963)	(40.7652381,-73.9578692)	
437	(40.7920727,-73.9755459)	(40.7503293,-73.9911014)	(40.7249271,-73.9903621)	
438	(40.745418,-73.9909623)	(40.7604171,-73.9758275)	(40.7649241,-73.9725552)	
439	(40.7838387,-73.9778271)	(40.7551224,-74.0024595)	(40.742223,-73.9932895)	(40.734161,-73.9987945)	
440	(40.7852951,-73.9536046)	(40.7782667,-73.9587258)	(40.7729826,-73.9820422)	
441	(40.7278523,-73.9822353)	(40.7507813,-73.9744652)	(40.7608662,-73.9610606)	
442	(40.7394999,-73.9868014)	(40.758397,-73.9729763)	(40.7749697,-73.9567961)	(40.7820159,-73.9516485)	
443	(40.771021,-73.953641)	(40.761667,-73.9749136)	(40.7585806,-73.9850687)	
444	(40.7901944,-73.9769269)	(40.7864991,-73.9721864)	(40.7742879,-73.9573034)	
445	(40.7336446,-73.9995454)	(40.7864371,-73.9423906)	(40.7870698,-73.9419167)	(40.787697,-73.9414658)	(40.7883313,-73.9410125)	
446	(40.7647357,-73.988042)	(40.7660501,-73.9833663)	(40.7921354,-73.9717984)	(40.7997184,-73.9699692)	
447	(40.7615582,-73.9940582)	(40.7636527,-73.9776904)	(40.7987267,-73.9595458)	
448	(40.7717916,-73.9792078)	(40.743444,-73.9882085)	(40.7396799,-73.9909531)	(40.7366617,-73.997364)	
449	(40.8023473,-73.9681119)	(40.7697556,-73.9646861)	(40.7704595,-73.964431)	
450	(40.7416215,-74.0048605)	(40.7541608,-73.9803992)	(40.7763676,-73.9601098)	
451	(40.799958,-73.960527)	(40.7561491,-73.9676105)	(40.7514526,-73.9739487)	(40.7501079,-73.9688927)	
452	(40.7696336,-73.9919008)	(40.7690347,-73.9923529)	(40.7643285,-73.9771987)	(40.7704595,-73.964431)	
453	(40.7306517,-73.9830602)	(40.7368841,-73.9785259)	(40.7576475,-73.963415)	
454	(40.7339857,-73.9909365)	(40.7410338,-73.9941718)	(40.7523188,-73.9859461)	
455	(40.7278523,-73.9822353)	(40.7338333,-73.9807573)	(40.7528183,-73.9813747)	
456	(40.742254,-74.000703)	(40.7502839,-73.9948484)	(40.7684462,-73.9890433)	
457	(40.7559504,-73.9907232)	(40.7433502,-73.9841347)	(40.7261224,-74.00161)	
458	(40.744452,-73.9790704)	(40.7649999,-73.9767003)	(40.779136,-73.9849752)	
459	(40.7272618,-73.9826618)	(40.7326656,-73.9815974)	(40.7501079,-73.9688927)	
460	(40.7552526,-73.9986612)	(40.7629496,-73.9698785)	
461	(40.7627566,-73.9969327)	(40.7502839,-73.9948484)	(40.7464045,-74.0051253)	
462	(40.7668654,-73.95979)	(40.7522003,-73.9818336)	(40.7478166,-73.9966529)	
463	(40.7419747,-73.9808689)	(40.7558356,-73.970781)	(40.7602427,-73.9615112)	
464	(40.7576845,-74.0005977)	(40.7621199,-73.960128)	(40.7703907,-73.9541148)	(40.771659,-73.9531798)	
465	(40.7601566,-73.9987993)	(40.7673286,-73.966702)	(40.7750108,-73.9611049)	
466	(40.7488622,-74.0069398)	(40.7521824,-73.9777896)	(40.7444588,-73.973034)	
467	(40.7711473,-73.9639279)	(40.7478166,-73.9966529)	
468	(40.7845455,-73.9735999)	(40.7674117,-73.9823896)	(40.7608662,-73.9610606)	
469	(40.7939578,-73.974151)	(40.7507813,-73.9744652)	(40.74479,-73.9758798)	(40.7280977,-73.9789887)	
470	(40.7936595,-73.9475393)	(40.7604566,-73.9837229)	(40.7522877,-73.9897059)	
471	(40.7794356,-73.9475019)	(40.732349,-73.9849373)	
472	(40.7793005,-73.9811343)	(40.7441204,-73.9763865)	(40.7254486,-73.983968)	
473	(40.7451504,-73.9826835)	(40.7502839,-73.9948484)	(40.7470178,-74.0046633)	
474	(40.7916802,-73.9489657)	(40.7652578,-73.9950906)	(40.759791,-73.987927)	(40.7628049,-73.9931644)	
475	(40.7742879,-73.9573034)	(40.7421166,-73.9850392)	(40.7199063,-74.0026029)	
476	(40.766736,-73.9828696)	(40.7807062,-73.9465848)	(40.784979,-73.946633)	
477	(40.7672398,-73.9862103)	(40.7980416,-73.9600487)	
478	(40.7260554,-73.9835429)	(40.7348005,-73.9907326)	(40.7464045,-74.0051253)	
479	(40.7219964,-74.0029816)	(40.749101,-73.992006)	(40.7890448,-73.9703053)	
480	(40.7261987,-73.9894438)	(40.7563957,-73.9643439)	(40.7576475,-73.963415)	
481	(40.75533,-73.991177)	(40.7674117,-73.9823896)	(40.7858042,-73.9726874)	
482	(40.7742879,-73.9573034)	(40.7559093,-73.9747795)	
483	(40.7999625,-73.9585771)	(40.7911007,-73.953428)	(40.7915693,-73.9386598)	
484	(40.7936595,-73.9475393)	(40.7992792,-73.9628399)	(40.761051,-73.9753635)	(40.796575,-73.9722692)	
485	(40.7412687,-73.9753402)	(40.7547232,-73.975908)	(40.7629678,-73.9739567)	(40.7750534,-73.965151)	
486	(40.7434745,-74.0072347)	(40.7378922,-73.9809199)	(40.7471648,-73.985504)	
487	(40.7870698,-73.9419167)	(40.787697,-73.9414658)	(40.7887087,-73.943873)	(40.7652381,-73.9578692)	
488	(40.755362,-73.9874324)	(40.7477694,-73.985072)	(40.732349,-73.9849373)	
489	(40.7820159,-73.9516485)	(40.7572272,-73.9740867)	(40.7242667,-73.9848465)	
490	(40.7618654,-73.9634274)	(40.7559093,-73.9747795)	(40.7572276,-73.989793)	
491	(40.7735391,-73.9853266)	(40.7741554,-73.9848592)	(40.7559093,-73.9747795)	(40.7649008,-73.9612347)	
492	(40.7571534,-73.993583)	(40.7643054,-73.9730051)	(40.7817682,-73.9830494)	
493	(40.7640484,-73.9922389)	(40.764684,-73.9917896)	(40.7564635,-73.9703223)	
494	(40.7304449,-74.0001351)	(40.758397,-73.9729763)	(40.7749697,-73.9567961)	
495	(40.7800154,-73.9769205)	(40.7648499,-73.9805371)	(40.7440656,-73.987754)	
496	(40.7697985,-73.9880718)	(40.7647357,-73.988042)	(40.7434745,-74.0072347)	
497	(40.7375471,-73.9840845)	(40.7520651,-73.9735114)	(40.7966173,-73.9684943)	
498	(40.762915,-73.985647)	(40.7434669,-74.0035831)	(40.7416215,-74.0048605)	
499	(40.7437892,-73.9735182)	(40.784252,-73.9471534)	(40.7954826,-73.9619149)	
