0.0023399728912085077
0.13191647598019537
0.0016123951416470155
0.005115709830681429
0.05003333333333334
0.008990224766287292
0.006797380515638523
0.0069844445102109
0.013537007951797872
0.014582851693382812
0.027932717387589623
0.01498273685876452
0.014258921283916813
1.0E-4
0.02445898379245383
0.006326986193562958
0.006261122021609828
0.006138180595054657
0.5046975022844958
0.031434632035329896
1.0E-4
0.0038705950596955676
0.003306329717032755
0.0031133460981672394
0.002787346646146412
1.0E-4
0.007399051113003809
0.006377212324322192
0.0023876599148860765
0.024490811051693408
0.0024768977496531673
1.0E-4
0.0010996781924042397
0.00426670883343803
0.0021796750890764657
0.011102641207914684
0.001696701705978647
0.001944721217193593
0.0079826956767502
0.007512686567164182
0.006538551873753409
0.2552993735213384
0.005431569677903918
0.0064704357965819715
0.01729541180440754
0.02088333333333333
0.0889220078940667
0.0014153681266979503
0.188784666701068
0.01255
0.004263496273927439
0.004109812292591577
0.0013977088948787064
0.0079826956767502
0.0019455064435415024
0.048753211092866254
0.01509291819291819
0.0017840457423401056
0.006610482277562099
9.946670355620668E-4
0.011522898902070323
0.0155924285250075
0.0049117700142293046
0.0034272858141123287
1.0E-4
0.003403128675553458
0.01388481619492742
0.0027235116505693823
0.002321988047698103
0.025157567124233792
0.0048363844059310206
0.02803165641013204
0.015040776848593502
0.0041440336063516625
1.0E-4
0.0019277595494708933
0.00412933507915519
0.001932867771678589
0.003210532462301994
0.01798205128205128
7.613972276182341E-4
0.0016534005984578507
0.02159853407070174
0.004124310788829256
0.1079722051744002
0.019642211327138576
0.0024552334521314887
0.02643084886128365
0.00412933507915519
4.6676550732632885E-4
1.0E-4
0.0023963673709884495
0.0030030685061658508
0.0025192681122585586
1.0E-4
0.007522910927456382
0.0031530419656345117
1.0E-4
0.0036874928358286868
0.002550000000000001
0.005004558136885713
0.011210625307606161
0.004009402393376514
0.01704704587777214
0.0024279589371980674
0.013207894736842108
1.0E-4
0.009173118279569892
0.06207567587641117
0.017389215970472122
0.003369772755737991
0.0069844445102109
0.28876356805452186
0.008034739448149765
0.0018550541516245487
1.0E-4
0.00505885015973189
1.0E-4
0.007628822910415552
0.013207894736842108
0.0021218010383838447
0.0030936740078667925
0.004873080073615811
0.004446428172168079
0.0032165819444496427
0.0044359649122807
0.041716666666666666
0.001754249683749886
0.006628947368421052
0.003511245400214695
0.0017927311496335554
0.031434632035329896
0.0022111488830548823
0.046703960121220224
1.0E-4
0.2299848124470416
0.006297478259686041
0.0027410263901306
0.0020793573239507963
0.005354665809371283
0.010407862368842544
0.002440364270837644
0.0019215634360218877
0.01395958676650751
0.005251453380240381
0.04892346743295018
0.026805279950823106
1.0E-4
0.005066548810431326
0.25998232574679947
1.0E-4
7.855707081583946E-4
0.01928076923076923
0.005273824544302027
0.011359956687135839
0.1938116985761916
0.003591796990069024
0.013625039091528686
1.0E-4
0.002386379336839653
0.42214708599857853
1.0E-4
0.0037103524581795122
0.09282411940289549
0.007798127663702306
0.25998232574679947
0.10702942967884825
0.0021579130327687036
0.50005
0.07622620120120119
0.015518750982321132
0.018148365466830997
0.018062763345572354
0.004082258064516128
0.0019539019321749133
0.02096357749698097
0.005423829219675277
0.010093393393393397
0.004053133903133902
0.006327013956507627
0.006950885290780999
0.0035559211980112195
0.0052408163996053286
1.0E-4
0.012152763023619142
0.010286729728236686
0.019642211327138576
0.008843867053538892
0.005144244796829251
0.01622981905012343
0.023197022840779444
0.0028589887640449443
0.004225614244392871
0.003959617852552068
0.008023104262379996
0.006130823902710672
0.002013642308012664
0.008655134846007943
0.0030293507201525557
0.00217013008766441
0.005684546794987863
0.004922726822648703
0.009828984878406388
0.003345713180658949
0.0020593594452592884
0.0019750580123654255
0.002550682267041714
0.006909836522525148
0.01888798194743301
0.001997548772881498
0.00786636946040552
0.010917570611467831
0.020562013040238615
0.0030483569719069285
0.001979186617427487
0.003216653453339132
0.0021816124046998273
0.00387208937907839
0.007296376811594201
0.010455842756799888
0.0035080742354403447
0.0020809771115303482
0.0068248585853935536
0.04690451771766581
0.008524576271186439
0.08338333333333332
1.0E-4
0.022777272727272733
0.0026474025974025967
0.013751521053851076
0.0029180720847732503
1.0E-4
0.02573064248079627
0.018227403414195868
0.009257694903879184
0.25674878701879483
0.004881157765964426
0.027233245113865868
0.004589248267282742
0.001848656979092503
0.003916684851668881
0.1687964360587002
0.009556502189196054
0.001509597963274865
0.0162293593251254
0.28876356805452186
0.0020959983511265557
0.07503333333333334
0.004484541425352797
0.022205033622805705
0.005084280565080016
0.008506930389468587
0.0070385281676623584
4.2841095249208526E-4
9.833618223256716E-4
0.010618010752688175
0.0034349524415038623
0.006797380515638523
0.0033379789139302606
0.06379858411807934
0.0022516404335358336
0.005204767144389987
0.0020959983511265557
0.006078555324571927
1.0E-4
0.09650784493284494
0.004504804712892784
0.003112355761663502
1.0E-4
0.005369148936170212
0.01177761437908497
0.0024258980203083857
8.910265417642468E-4
1.0E-4
0.00763894124426275
0.0010937779268412743
9.715591780565966E-4
0.004365180108148936
0.002266067685971836
0.0012776892195247827
0.2047263123495012
0.007269264083831179
1.0E-4
7.927960927960929E-4
1.0E-4
0.0024231723051073083
0.00518808462214673
0.005663319210656894
0.007102259549882708
0.003211546273900826
0.004512517327822732
1.0E-4
0.003616309135535456
0.022217576892798904
0.00941840071897356
0.004068471945592715
0.003783777543726527
1.0E-4
0.0066842550390675505
0.003958082670781769
0.006626064554441767
0.004684667930723871
0.02088333333333333
0.0018999657814869788
1.0E-4
0.030734331410116503
0.07106486503692386
0.004126337448559671
0.012669986026631594
0.00803859075146662
0.0031286725692764843
0.019070047609706643
0.004938756001236855
0.01107940103225981
0.013285740327325164
0.0025285002373042235
0.02260306820381727
0.011937414373955646
0.0025009803921568637
0.003944346959367813
0.006333743776829446
0.005933347249116018
0.004160268459478952
0.018172181425828417
0.005486150388923321
0.2264077420618046
0.007765450611028349
1.0E-4
1.0E-4
0.010738474366104587
0.006791246079270029
0.2513618983957219
0.0038093984962406014
0.006338299736133675
0.0291308789542106
0.17158031368902926
1.0E-4
0.008051937478661701
0.006826637899138212
0.012240904775010423
1.0E-4
0.009232399872066454
0.0036553939806275764
0.0077243583705790715
1.0E-4
0.0025619815172485193
0.005328339833711762
0.007082438657955445
0.11682968632856902
0.01950640682359071
0.002497522460811044
0.0067166666666666685
0.021261819424934814
0.00492938769512654
0.007512686567164182
1.0E-4
0.026365789473684207
0.0027862466186306775
0.01797240406915454
0.37694357546048723
0.005084280565080016
0.0024196682464454975
0.16472597553749788
0.00581838537632895
0.2575064744442333
0.002494171517808572
0.002640673575129534
0.003998120562813678
0.003794497756883749
0.0017245821162772178
0.027642780119146358
0.005815339172059962
0.001886212436873056
0.002417879761311413
0.003470596475123515
0.0058810814582788305
0.01829630401968739
0.005557340128226205
0.0030911711867752352
0.009939219737096026
0.005145460977588379
1.0E-4
0.028932194472822543
0.012176031994591652
1.0E-4
0.00590876705004881
0.003808660042174817
0.0042416716030302375
0.003052121677310851
0.002046969794504599
0.005483579308288611
0.021957293569703728
0.0036668463986466063
1.0E-4
0.008051937478661701
0.0018548922161962284
0.004632992046225146
0.005023586744639375
0.0010208703250477026
0.003991480232211284
0.012664132783100818
0.003624134742927297
0.005529525943780749
0.004584292871940469
0.001991674829260076
0.01928076923076923
1.0E-4
0.00181284256402086
0.018734151396834566
0.0034508144536343553
0.0015592272464627522
0.012616429249762584
0.011588776054323489
0.0053869469521072655
0.001942362270564542
0.035586888163042375
0.018976116918916108
0.012549507462373122
0.0023983423927110836
0.006994138938146913
0.0015025354213273675
0.0016454878454878453
0.011564075404682395
0.0035206825592174673
0.009349569399531223
0.02550660378027137
0.005424802120820414
0.011703007501797622
0.018162177246703475
0.0032850517895524883
0.008869682880652494
0.0052408163996053286
0.0020863870216687227
0.005057804585025234
0.10702942967884825
0.0012941243351143681
0.005584573998384291
0.006989847453424007
1.0E-4
0.006946071413319362
1.0E-4
1.0E-4
0.002377540447587138
0.006159735860345616
0.006130823902710672
0.0030124380117709684
0.010048955567731324
0.0062459045778362485
0.004756299050270598
0.00813530039782394
0.008978571428571424
1.0E-4
0.011440978639629888
0.011500078430803605
1.0E-4
0.2556038430576909
0.015472330390973177
0.004869427718638785
2.6817055909412584E-4
0.009665384615384617
0.004535029210447001
0.006806870098466737
0.003492509199163401
0.0025201503936588526
1.0E-4
0.008567772523697267
1.0E-4
1.0E-4
0.0036252217175924374
0.012530634566278712
0.04892346743295018
0.0022111488830548823
0.007143764374681276
0.009155014296125584
1.0E-4
0.005866738245210001
0.004009106411145771
0.01025854166108482
0.005620210541219081
