0.03595792097427146
0.012973485131267887
0.01309070168745675
0.003829522088871681
0.01774769353128314
0.0037084543680901785
0.006726140734915946
0.020937859619324452
0.006926115244113803
0.016947583404619337
0.008349780479567711
0.01778604845446951
0.035525549752611324
0.011882077432537167
0.006626739926739925
0.019645417838344507
0.0066283154121863815
0.009103628117913832
0.006247985347985347
0.03174240544137441
0.00882894779905089
0.0030562799838159634
0.006867592555586639
0.0069328042328042315
0.008888179052585831
0.0103349392871132
0.010079817064027588
0.006454761993053237
0.01597251629027939
0.021479968741859857
0.002029131652661065
0.023108163265306125
0.005913604762499482
0.006447711337681025
0.005263875149241003
0.002983027317510075
0.0062708798983510915
0.006279224194608809
0.006881116887472751
0.0023331050228310502
0.009849540517961572
0.006994444444444444
0.011917264508603092
0.004941928789273276
0.015056009070294784
0.03829676403207331
0.01481087147535746
0.1863078431372549
0.010503418803418804
0.0021246887966804985
0.006212415173931015
0.0033298874646913203
0.009493583889474301
0.010045177289214597
0.03966897671294223
0.007871432826928803
0.019073412169664666
0.0037307924394356182
0.019906349206349205
0.03963447293447293
0.007982389108476066
0.00447304964539007
0.005016771233432205
0.006733454139949819
0.01625461790904829
0.002026284584980237
0.0073037856401245915
0.02282535612535613
0.030277893678228127
0.01902694300652942
0.01987266584766585
0.008150216450216448
0.0018550541516245487
0.0036488536155202815
0.003700322372662799
0.0062067021063762886
0.024710354691075513
0.00673386550556362
0.002018503937007874
0.00660082819011447
0.014183713044200344
0.0034833424044778735
0.01090109507217521
0.02834216319054275
0.005956678281068523
0.07387533444816052
0.0028909090909090924
0.010064197530864195
0.012358173244380146
0.0055445054945054955
0.004187148417419403
0.003108132530120482
0.0033213926195715393
0.050117508417508415
0.016632249322493225
0.003704215779058761
0.009636507936507934
0.004191903096255992
0.017431707317073174
0.006127942794279429
0.024123752558142336
0.01977921919798908
0.0427878177919986
0.0011880880121396056
0.009173118279569892
0.07044410331384014
0.012758649448479953
0.0048654381654381655
0.021820413969348643
0.004739368417636273
0.020268206572246383
0.0023478138788608108
0.006366780428779746
0.026420458845789977
0.01362513368983957
0.014371908726487822
0.013249707602339185
0.014755031775962007
0.006791246079270029
0.02017011144883485
0.010314718614718612
0.004068421052631578
0.032095707070707066
0.020457330827067674
0.005198114444990982
0.012056381289415182
0.011029138884711152
0.013468336964415397
0.03726648418491484
0.062330057012834277
0.01456276715410574
0.00938937927474513
0.031724889258028785
0.004876713170132493
0.004456700313261398
0.015671172086720867
0.007895741195741195
0.0060707605715110404
0.006456367663344406
0.00559855072463768
0.0062296320775501205
0.07410740740740739
0.011845810262089333
0.0023541474654377877
0.008696422982338475
0.00942948288323806
0.022610305924695456
0.0011710762331838562
0.023964957264957263
0.002973976608187133
0.03624022988505748
0.00819790184272943
0.003108132530120482
0.023430890133831307
0.0316347016678412
0.004749095607235143
0.008763492063492062
0.014969385442930222
0.0053627724389171535
0.17506436631508454
0.011160510913723063
0.018437422273635914
0.08570388823240381
0.026099700493305147
0.252966664553177
0.018251671864171867
0.01643328793553513
0.031749818699159396
0.0060947716008212666
0.010736172161172161
0.011952902155887233
0.020181395891690008
0.008978571428571424
0.018065679433084497
0.022242425431711146
0.02343994290023702
0.004845436291564973
0.008342915646255077
0.013570769551181923
0.00867765127556399
0.028440159930861703
0.03454774005756148
0.015180132793858284
3.2240533914464737E-4
0.007998728701798805
0.030484710698086073
0.004889667722094843
0.010251691122442164
0.006811729153121916
0.004834688995215311
0.012518070818070817
0.01938206007933915
0.0036788837867641013
0.006952908447142136
0.013383041034500026
0.016609168962872484
0.0732406063097281
0.0016211868503746675
0.002554630296017197
0.009200506960792094
0.007708974122564387
0.012451458736299163
0.003677357879930792
0.00999497964455314
0.011332999945346228
0.01301935858259388
0.003275806451612903
0.0068889253110570635
0.005727706952235254
0.008495908265962714
0.01891272554605888
0.0032370707859643026
0.010624051326533247
0.022795198560951992
0.003317973856209151
0.002696346943393787
0.010313348676639815
0.006341812375784371
0.050060014005602234
0.0038807757567897636
0.024359041917162125
0.003368270001603334
0.05369073470021745
0.004424646517434602
0.01771851851851852
0.008367968953482314
0.013145824706694275
0.04673276998863206
0.025845007044734063
0.01267070179698883
0.014370250896057347
0.009125319969885186
0.0038266079599412945
0.019410422831085326
0.02609897626580964
0.013906057011744574
0.004115040650406506
0.0109926480256797
0.042861440185830435
0.0030725921733844776
0.006945775729646695
0.004819143239625168
0.01780741971207088
0.009922023454581593
0.0010023809523809525
0.014466064257028113
0.005515863386136389
0.019231929085483587
0.011264979180363796
0.0045142857142857155
0.004321451446561362
0.02874719244170464
0.004336722252106868
0.07764841850657403
0.007553027771146653
0.022101920518512973
0.005863953488372094
0.007836972006714757
0.01728514931396287
0.005067527862208714
0.008057376283846873
0.0029371973929236497
2.880952380952381E-4
0.06634996632996631
0.008218901220393758
0.00565330284012339
0.010097982172592812
0.005294602354292278
0.006490308144738526
0.010152380952380951
0.007068579557492658
0.004679002624671917
0.003926996061582527
0.01147857142857143
0.03669584921151284
0.009767793919187109
0.012044105077928604
0.013826360787556268
0.011544405423861091
0.003415539763373825
0.047072350013451704
0.004258685446009389
0.013996099290780143
0.07175050505050506
0.0167
0.024253461154538775
0.006094340121660936
0.011003013306133064
0.0018173503771476936
0.012502245076292261
0.005801439101439102
0.0034614918217710094
0.026380085691106378
0.002415443313828191
0.01171661802853437
0.0157724324569151
0.03948751918812895
0.01946509386098427
0.03822908187369341
0.020705755544521684
0.002096521700819419
0.005386851359464793
0.017504650804650804
0.009999869052815366
0.010082141831754236
0.004152967042930324
0.004163046345567836
0.012435860656785536
0.00577044299201162
0.0035506706564821383
0.0067828655439722005
0.013496747967479674
0.004370883356162544
0.005273693777313688
0.007345728442419885
0.03557855838525416
0.00962830311938592
0.02948782679738562
0.02724889617550908
0.025607155939298794
0.009752372464137167
0.013701383239519561
0.00720217689509155
0.009494549569069286
0.0031352446294783155
0.022025592313092316
0.003503972234888788
0.006600668469280455
0.013952264914929551
0.020780159474671663
0.11918503594402237
0.005327339761769713
0.007706067723624977
0.004203878855582449
0.004754441308044042
0.013097510871195081
0.0665143144157599
0.010153273363318342
0.010239745278875714
0.006804275286757037
0.020258571323614305
0.009690384615384615
0.015231289910600255
0.022316529475347135
0.026456004458491746
0.016529452022354837
0.00737693490025297
0.010603532913379407
0.00850966388843493
0.19043197674418605
0.004912025316455696
0.004110265986140504
0.003193809491864009
0.02250614517206655
0.00894702553966593
0.009631267577340298
0.0046174256223436546
0.028791503267973858
0.00528974358974359
0.007098096691002868
0.004743117744610282
0.015034645809404487
0.015079595827900916
0.01255
0.013898879551820731
0.0029135176651305674
0.007842857142857143
0.01929642874703446
0.02631199294532627
0.029049863240964934
0.014788023088023086
0.017095454545454546
0.003707983201600601
0.006370360897982379
0.015101056595290286
0.009608902691511384
0.0036703365351285987
0.0010115384615384615
0.0167280583613917
0.004594018366840406
0.01599722222222222
0.05106329557713052
0.003705940982962635
0.01704515645578818
0.010661426504454787
0.007197120702776227
0.017720334648151155
0.0013868983957219245
0.005746787999667582
0.017119896640826873
0.004972200341165858
0.018058607592181444
0.008851043798608264
0.013672176759410805
0.029556311809191393
0.011478613199665831
0.004632564330079857
0.02392991452991453
0.016719335393696404
0.015425124378109457
0.005522069492172584
0.05221923969423968
0.05722287581699346
0.06872326757713708
0.007096052987293862
0.001848561151079137
0.00884941716707877
0.07666308871205421
0.007495491553743114
0.002628203302210265
0.007041880341880344
0.0404037037037037
0.012837683511679502
0.005532772166105497
0.07205659041394334
0.01336033413365346
0.0048155881155881155
0.007079719139117633
0.03189805777851113
0.12619188034188036
0.1816059466815117
0.003399960246471874
0.036486503347535004
0.017046652070790008
0.01538397620828436
0.014841209135237614
0.006354185274247109
0.012068119307667186
0.1523124103678411
0.009215086750327717
0.012560014005602244
0.004572918790349983
0.008909690893901418
0.04978650677847143
0.04359867550698148
0.011102543355422939
0.008850846498672587
0.007793908827898974
0.020671616991630167
0.0014907786073402247
0.0038271448957571956
0.009927910301081035
0.01790714285714286
0.00616099093827381
0.024693423975828663
0.00925952380952381
0.005450755417422084
0.00602249416042436
0.00830278623683013
0.011184737193306642
0.004216666666666667
0.004270058703216724
0.006246912784695229
0.03760091093117408
0.00464952497522877
0.005565660014485081
0.0029401734104046234
0.004450521771449811
0.030710055714091588
0.006670760233918129
0.004952936282192681
0.001711129568106313
0.011530589669889383
0.06890560388474638
0.015259599884858952
0.00852810179909527
0.19169166666666668
0.006491837444419603
0.00616210143814934
0.016534671705243267
0.046344852141769935
0.004031872997108302
0.012766631780917498
0.010314303959131547
0.004666711650922177
0.005430239673635901
0.005490221900044299
0.01907666816614185
0.004345186118108032
