160.68679958386824
5.5795052910535645
1.8735810665225652E8
1.47202225257299379E18
0.001060551436903674
3.81540118477507E9
1146827.6815185098
1.1613453207795196E19
465.6750748984148
24.31788076828784
157733.21934180486
97964.79598979112
3.3517966788753925E18
3.523215687311232E-6
1.0760330902367342E9
1.2965992025157402E11
43998.72223288204
108681.58190051462
0.2938890365570668
2.26976057352886E8
6.13708888684442E-5
1.8255412067021262E7
5.5397462632613976E10
4204215.856565258
7.972820725949268E22
2.350411292597335E-4
9725.18299599109
1.1458270656838865E10
2.186572631884561E9
8.418033738362437
762.8704008729216
4.898449004082446E-4
3914807.784734506
621449.681127983
2.069567621170717E8
1.4902794524941018E7
71.88803950835248
3.546931368785555E12
3396369.1583960964
0.0056185393539335245
1.0803560302014233E8
108538.85334265814
3.1728379971229723E35
1.5239382759719305E7
5.955642576353592E22
0.0034017006972794812
631.7761641483621
2421.3262326665713
3.780858066903024E7
0.006410897467949784
3.4568468565219995E11
1.2048649919231187E20
0.007194964064749407
3145130.891884605
4.807740741305488E17
7.855330948364951
10.979650188942847
1709.0924196841283
22.49439592398275
423.0128874090401
9.896564200659256E21
1.7082517273025224E9
67578.14636564601
1.987686942500142E12
2.0505337791662664E-5
4.868056424525728E8
183.6301764455157
2.392743199088591E12
8.246272233944842
936093.6046801526
7.699810032849956
1.974110394106933E8
5.6228149798608256E16
1.6809580611138275E15
0.0036104693321305646
3775467.7154850215
5.07533044266847E10
2267353.9717672076
1.3711934729347637E8
0.1226537741981337
3.01659464438196E8
3.1702475734793107E17
3.6555907879950804E8
327449.2019676593
305.0509117292346
1431.6010968771589
1.4879582283832898E9
0.01346288468269454
9.541621232216732E12
98.91614111954782
3.2154971626080443E-4
4.3455344358124077E17
3.1109269488064394E14
1372713.5144881092
1.897146985735198E-5
66.00660033001095
7.278988824622592E12
2.1511227845654437E-5
4.8748506240605156E14
0.02381190488095633
4.026458813686534E10
2.3280636226115024E12
3.7002294200065965E17
0.08284852112427424
0.016769969596039384
1.5510235809555918E-4
0.0022764036532628984
1.0001000050001665
419.97181964357895
2225.3944411504435
4.02704514770069E7
1.3325902370441093E19
557.0856458990152
1611502.6463057478
0.0033336666833338855
1.8617480158856355E-5
2.1725631892779106E10
3.342580230615525E-4
2.2047328085189545E8
0.013334666733335557
67.79506745606982
3.974612772204824E10
1.5366690664954172E12
9.449686059912194E19
4.605205127357611E10
0.0033336666833338855
5.05101012626347E-4
7.087016154181476E8
0.0023366822546732886
7.266852247623744E14
281169.0991106688
4.5413755266112566E8
4.8255747030512534E7
2102690.4426084757
2.8124297103491737E-4
3394581.0021034814
5.832085954583155E13
1.2987093478051361E13
1.7754213292119893E8
2.4808339776143818E10
3.8415978705661437E27
22.13635986677197
2715107.761735969
1.275737483010202E13
2.296371701306639E9
64.45088921112185
6.957281693384099E7
0.004608755783410905
3.1082408918361476E16
0.1385906373970266
1.29788725731957E-5
27.280505691948985
0.03333666683333889
1.1243540831200645E9
3.538683256238479E12
3503185.059611304
60.847230252132505
1.2640757230975966E14
1.957755862892817E-5
1.8064545442826977E13
1.1167783389168544
4.053944519210395E-6
1136.2382083037605
1.6294119074428589E10
4.661677751905051E11
0.014347385328359857
0.005500811970928093
1.172063354793544E8
3.1314089774785495E-6
0.06491033686299158
58.49648606025323
2.8688826052507446E24
6.066908483620044E12
0.0012556183364722739
9.465735258593115
1.5534166013668914E20
2432654.0119447974
0.013820242832868784
14561.456072802415
0.16668333416669448
195.07909877124888
124.01275079509246
6.86812202290102E8
1.2595694151713396E-6
22327.565978297025
2.133707797162814E14
1521.6687155548593
4.1754139705870935E11
1.3284281445758997E8
2.6416384497629156E24
2.906127798249664E8
0.021128873345073945
124.64289844925982
1.5154372163772639E7
9.001678251237534E13
74.1656730772258
3258.992549627213
2.0349543380347646E12
4.731184891747914
8.638291253734997E7
1.0103686747657247E9
8.559271502964147E12
6519134.390857843
6.861444474282313E17
2.585293757904305E10
283016.71497218066
0.12628554034625325
1.7298373662193964E11
2.81141935619542E28
3.980529185833744E17
0.27885944752470465
2.6013204991948043E22
1.7759338733054515E19
9.130157344085176E11
36739.673783686114
3.7030999224330476E18
1.370679646374625E8
1.284165165551936E10
0.0014971556961080356
3.0411128553121724E16
1.887004674706244E9
9.110263215471802E11
3185.475354419185
6.270909326922092E19
0.0019764822233204883
2.8014005742301584E-4
3.2425510002274965E-5
3.654000748995861E-4
0.003704074092593208
76009.79159011373
9.26869278587544E21
2.0372407509262655E-4
3.0604472952505883E7
0.192048189365974
6.622823057000719E12
4314.071241841963
2.1919414376616608E10
2075359.7836664293
119962.47751324391
5.77689006069903E15
4.053975094525443E13
0.027497657978619677
81764.03458604684
372.70012770940014
34.11712391639362
93033.30286513566
95.12715929913354
0.03484669006969221
3.5424479733152895E15
1.52482044213241626E18
26230.4638243255
1.4621850736318814E13
6499.726863265685
530.000265965455
32.736606830338786
1.494125308674946
2.6398124515520464E17
789328.9289463806
44849.373602009735
4.370984596605461E7
8.072137693698302E18
4.4441192731368085E11
24.673795927556547
2.388439965627205E13
1.1937216579137814E-4
39.2286476555329
6.573623729505912E8
5.216294643053803E15
6.053874122277033E-4
0.0044647321651793154
0.28574285857147613
1.2709309293852132E16
6.100610030501015
2.0786049902318762E-5
6.3985660148866425E10
3.900311668052451E8
1192.240025968424
2.1016711814163417E8
9.200925142854387E7
3050449.2880104044
12.67138420936196
28609.033988704996
3.35694147757843E-5
312.03120156005167
3.0984912011654294E-5
5.7349629413044915E7
2.6997571417030137
0.04907079341068561
457.143751305174
2.82799162929155E13
2.0001326434619396E16
3.967863538981017E-5
3461.9086735583865
49015.12854051383
7.788619892629579E23
9.67920834347497E9
1.1342778747962838E14
2.5918581591963105E-6
9.942173349160872E13
2.1746696477984598E15
2.1481452193659776E8
41148.256751920446
2.4340736355343221E-4
2.0693204901037376E7
2.128131090406483E-4
590079.5362894236
940.7139541216419
0.0041100000205486304
0.6466802292952879
1.672628292150573E9
1599.0328181962109
2.529055612060608E31
1.3959414795225403E14
733389.3479261964
553986.4656441653
0.027293177524371024
19097.38242212814
2.7115091007673904E16
0.014816296370372834
3.4955765874834847E30
3943221.8886803207
3.9603558903634605E10
5.320070552297047E23
5.901571536783868E11
4.306150514625965
2.3989610748107623E7
81912.4923742561
1.8375183825333776E-4
5.106719796773723E-5
9.561897496234895E12
0.08739754099164197
0.09524761952382534
0.043720218797821474
2.030542911247893E11
4.000400020000667
2709.557740405766
3.5103545279051117E-6
2.219941830525566E8
6758.518955358964
220368.60989167506
5.968358954926492E-6
4.040986008607224E11
1.5851338749202137
2.4674009521679584E16
1.1745155666472886E-4
306.96199237440214
1.0756200589285564E12
88272.44083782396
58.819621800372516
7.618351219445282E9
3.544394401433673E8
0.007905928893281948
1136922.8294556637
1820.1820091003046
0.03846538480769869
3.8318007854412487E-4
0.014219431350713282
712790.5662891386
1564.3535289806644
28.457935471621433
95867.68504322003
0.020691724241382766
10990.866473555312
6212963.765312758
0.32761896715522726
6.306726426474746E7
0.0016724080351173357
3807616.9393777917
146941.60768884167
62770.59966279051
3160461.912742438
2.05202415449328666E18
4.757902128371494E13
7.915716008212543E10
1.1949496535581878E16
9.261463066612073E13
1.3260010596729178E16
0.23237617763239132
2.978931119854821E25
9.033600469651896E25
8.288467939125844E10
5.291534417990296E-4
5.467794141906656E9
3.111340191813334E26
0.03409431835227841
2357977.757817263
1.2279259773243906E11
5.32764149417158E13
1.514882412542107E11
20394.537075562246
1290.1290064502136
1.0261524663479237E21
6.324429219194941E13
9.449168603554106E-6
8.838657288203667E7
2.265415511472002E19
247.97717743027926
0.05741102210104286
0.333366668333389
12.560395761722518
1.2972503667402812E21
4.135895510724028E15
5.36096327025105E11
4.2756033112734106E12
230961.35139062736
2.829937761743538E-4
1.53515146080664E-4
8.605420564474793E15
5.9289077369264824E16
6179.814379111299
977626.6041492566
0.06250625031251038
2.20571766913578E13
1.5169389279750247E9
1.5081011940385551E9
7.10228693756762E22
115.56711168890796
1.8476250305831157E12
0.3264215294097765
2.8632420765585933E7
0.009869407944080592
0.007663601570882507
8.625559849420316
9.798732633260043
1.2989345426067115E15
4955256.500874632
1.3804928315819604E11
5.916500421676019E9
5.060375000128501E27
183826.28612127533
806212.367205792
1.9730789144737583E8
2.1817773630869318E7
1.2900655637021804E9
0.27930052097332514
14693.879036658958
79406.01615396571
6673390.180652222
1.2434930433523296E-4
1.5892200935165456E14
3.421250701286832E-4
2.1371941553588336E-4
3.0140512480943886E26
234.27694765018018
149.01490074502493
1.5660781487847616E10
7.331760691789841E19
6.8468391981105E13
18266.783137785023
2.5858043004354934E23
0.00877280706140496
3.463461839930758E-5
9.210374541425125E9
3.6639287151887867E31
1.0446272411543724E-4
133.66853859933258
5.690279553491895E14
6.7009795165163397E18
0.002732513674863846
0.010454007020907664
6.424287351614818E9
1756.8145194056415
9.051871841627104E15
4.024552838161748E10
1.0466771376244551E-5
6.180243187292167E12
1.7261555542134115E-5
0.006623178841060705
1128567.2809919906
581045.9831837912
11.448513215133486
2.6444149372720856E10
4.893761236617468E16
7.598608693287267E9
2.6638078121674973E-5
5093162.1328535965
544.781748178272
1.495853826734455E15
5.0962820419504206E14
15970.697886798867
3.5133836822242277E30
4.026984822347964E8
3.970409460983664E22
2.6132741181086156E-4
0.6407710609225041
1052480.3723086824
1.0161128712282306E23
1.6118355754986382E8
1012444.0964904544
1.30081541878802E10
2.8459417319439554E9
202.54080101263654
10096.362163055781
2.060473012989528E28
1.9159003927206276E-4
206.21549231305946
372033.9582924777
1.2252464668668289E20
7.367388862050507E10
651551.4465298605
