785.0
1457.0
1915.0
1127.0
2261.0
927.0
1923.0
1856.0
876.0
2055.0
1104.0
800.0
1237.0
2184.0
1243.0
1984.0
739.0
1379.0
1108.0
1715.0
618.0
850.0
1153.0
1337.0
1086.0
1149.0
1308.0
977.0
932.0
2299.0
1296.0
1151.0
1414.0
1019.0
1225.0
1782.0
920.0
1067.0
1292.0
1384.0
1127
2006.0
1394
1055.0
605.0
838.0
1371.0
1168.0
1093.0
1578.0
970
1501.0
1640.0
1550.0
1188.0
1398.0
812.0
2058.0
1528.0
695.0
911.0
651.0
1000.0
1045.0
2189.0
542.0
698.0
969
941.0
544.0
804.0
2148.0
1418.0
886.0
446
1127.0
1420.0
846.0
1798.0
2161.0
1357
1520.0
2012.0
999.0
1291.0
1185.0
1448.0
1430.0
999
1829.0
1561.0
635
1470.0
1156.0
1166.0
738.0
1000.0
1677.0
752.0
812.0
795.0
1860.0
1691.0
1505.0
607.0
1050.0
924
1105.0
1993.0
2166.0
1964.0
1947.0
1406.0
1018.0
1766.0
738.0
1104.0
873.0
1385.0
549.0
1360.0
1100
753.0
904.0
1452.0
1460.0
1268.0
1376.0
2130.0
741.0
1649.0
709.0
2605.0
1325.0
1061.0
1545.0
1983.0
1099.0
1405.0
1796.0
990.0
761.0
422.0
1639.0
664.0
2321.0
1770.0
735
1008.0
983.0
1992.0
918
1279.0
741
1223.0
906.0
1342.0
902.0
1362.0
1083.0
986.0
1844.0
870.0
1462.0
1303.0
1635.0
1189.0
1197.0
2671.0
1389.0
1303.0
1661.0
1064.0
1112.0
856.0
914.0
733.0
2495.0
853
1740.0
1140.0
1011.0
1685.0
1103.0
1375.0
1090.0
1971.0
1375.0
1670.0
616.0
584
548.0
1106.0
1001.0
1270.0
2153.0
683
839.0
1407.0
1182.0
1896.0
1125.0
866.0
1673.0
983
1694.0
1594.0
808.0
1422.0
958.0
1405.0
902.0
1319.0
548
1664.0
695.0
1111.0
825.0
1017.0
1559.0
1112.0
645
1391.0
757.0
1172.0
2273.0
2166.0
2054.0
1091.0
1712.0
1711.0
998.0
1730.0
1135.0
1706.0
1457.0
1686.0
1461.0
936.0
1873.0
1724.0
1512.0
2301.0
1148.0
1079.0
1118
1004.0
1487.0
1410.0
853.0
811.0
971.0
1255.0
1750.0
835
1231.0
1348.0
1308.0
968.0
649
1205.0
1982.0
1376.0
2005.0
1515.0
1049.0
695
1100.0
987.0
1016.0
2258.0
1203.0
1211
717.0
2494.0
1860.0
1354.0
948.0
814.0
1809.0
1380.0
1320.0
1085.0
662
1176.0
1182.0
1921.0
1309.0
1680.0
1279.0
1558.0
1494.0
977.0
816.0
1203.0
1933.0
1263.0
1109.0
1380.0
1317.0
1370.0
937.0
1312.0
1802.0
1083.0
1599.0
1480.0
1352.0
1416.0
1734.0
1023.0
1224.0
1497.0
756.0
1025.0
1081.0
1573.0
2324.0
824.0
1654.0
897.0
1000.0
1492.0
1209.0
1580.0
775.0
1575.0
1816.0
1362.0
1795.0
831.0
1121.0
1019.0
1515.0
1467.0
1666.0
2049.0
826.0
1455.0
1097.0
472.0
2408.0
737.0
1085.0
1615.0
1737.0
1544.0
1950.0
2249.0
736.0
1961.0
944.0
2027.0
1302.0
1236.0
480.0
1114.0
1274.0
2501.0
751.0
593.0
534.0
1535.0
1932.0
1126.0
1483.0
2111.0
1217.0
1354.0
1553.0
706.0
859.0
991.0
1202.0
1695.0
1534.0
1026
1754.0
1959.0
1208.0
1697.0
1160.0
2689.0
990.0
752
1828.0
1095.0
1433.0
779.0
2123.0
1389
1566.0
2313.0
1771.0
979.0
996.0
536.0
1787.0
797.0
1006.0
661
2156.0
954.0
1525.0
1996.0
2945.0
923.0
1373.0
1299.0
1473.0
632.0
684.0
1400.0
419.0
1672.0
550.0
1486.0
1138.0
1031.0
1701
1050.0
1686.0
1869.0
646.0
1136.0
1069.0
1174.0
1126.0
1428.0
1170.0
610.0
1221.0
1146.0
1367.0
1393.0
1039.0
890.0
2254.0
1231.0
1718.0
817.0
1258.0
1244.0
1232.0
692.0
1381.0
1173.0
1496.0
1303.0
1056.0
2075.0
1585.0
872.0
691.0
728.0
1201.0
880.0
1342.0
1447.0
686.0
1035
867.0
1533.0
778.0
1481.0
1192.0
1417.0
1428
1178.0
2196.0
1645.0
854
1917.0
861.0
1595.0
1737.0
1211.0
944
1051.0
2227.0
897.0
1034.0
720
919.0
2673.0
1598.0
1292.0
770.0
975.0
1984.0
1064.0
1394.0
1538.0
804.0
1690.0
1353.0
1016.0
1694.0
796.0
1041.0
