766
1228
1263
1074
1670
809
1528
1200
696
2324
546
658
976
1669
946
1694
462
1207
947
1183
619
786
1126
1068
944
1081
1409
713
806
2001
1239
1304
1592
952
1339
1891
715
952
1220
1349
1127
1679
1394
687
558
844
1360
983
1220
1102
970
1428
1430
1270
1202
1118
778
2127
1137
637
1095
937
835
1005
1608
538
661
969
643
544
607
2320
1102
688
446
729
1350
739
1521
2570
1357
1623
1463
763
1203
1207
1281
1300
999
1813
1619
635
995
1176
1003
737
949
1649
665
549
796
1543
1296
1192
607
678
924
1105
1837
2268
2206
1065
1307
1168
1314
683
583
874
1129
551
1098
1100
780
869
1151
1416
798
1174
1652
775
1611
709
1009
1327
1064
1423
1727
1211
888
1580
1160
480
423
1168
894
1649
2211
735
923
947
2120
918
1280
741
1115
867
1158
613
1304
1063
682
1267
875
649
1573
1791
798
1284
1326
968
1106
1101
1027
1065
760
836
734
1740
853
1057
647
887
1628
947
1304
1233
1842
1259
773
718
584
1204
1179
1010
1249
1905
683
1099
1154
1210
1493
752
1018
1494
983
1774
1266
1197
1075
1055
1371
670
1032
548
1445
640
1201
613
744
1539
914
645
1302
631
1098
1692
1841
1859
994
1286
1527
920
1318
1203
1785
1374
1245
1117
854
1441
1217
1100
1363
1148
956
1118
885
1679
1283
659
1362
803
1048
1552
835
1345
1332
1318
734
649
1334
1636
1226
1817
1418
1064
695
1009
866
1030
2009
1217
1211
570
1804
1864
1189
1061
816
1065
1048
1104
983
662
652
1208
1092
1115
1331
1404
1317
1556
885
591
1079
1048
1218
1182
1362
1267
1320
691
1046
1518
1278
757
1054
966
856
1541
931
1299
1340
679
748
969
1742
1772
600
1569
913
995
1509
1056
1441
494
1163
1804
844
1713
508
828
1075
1578
1214
1754
1655
559
1203
1275
450
2176
758
1267
1610
1738
1403
1724
1696
668
725
946
1620
1328
1316
600
945
1048
1813
756
579
929
1205
1142
994
989
1905
1201
1257
1283
677
856
994
1446
1716
1261
1026
1272
1783
1069
1332
1099
2133
878
752
1635
1017
1103
779
898
1389
1452
1746
1368
861
965
539
1635
941
996
661
1685
888
1426
2031
2289
1055
1381
1357
1316
634
437
858
422
1917
435
1206
1031
1002
1701
955
1427
2130
846
1117
1010
1211
951
1426
904
538
1092
1050
1293
1094
1215
893
1925
996
1649
1014
941
1254
1009
750
1623
704
1029
1304
1133
1761
1341
930
695
729
1150
743
1356
1344
687
1035
576
1429
633
1510
1411
1015
1428
1016
1746
1758
854
2077
795
1272
1477
1417
944
1088
2179
899
1408
720
667
613
1148
753
802
948
1027
1010
671
932
811
1693
1269
832
1613
798
1041
